562.97102
562.22792
562.22607
562.144307
562.90696
562.7634
562.97327
562.96861
562.4566
562.225
562.22573
562.96458
562.7571
562.58781
562.97129
562.7633
562.140877
562.97285
562.4565
562.23866
562.97442
562.96592
562.144169
562.7576
562.22449
562.50266
562.96788
562.22877
562.96552
562.65782
562.96873
562.7743
562.42679
562.22785
562.22875
562.22873
562.14416
562.50243
562.144229
562.1409
562.97043
562.22512
562.50242
562.97425
562.96691
562.7729
562.97039
562.96842
562.144279
562.7699
562.97131
562.9649
562.96825
562.28805
562.144151
562.50259
562.50299
562.96649
562.144266
562.97107
562.97235
562.96929
562.140861
562.96735
562.14431
1438686.3
562.96918
562.12959
562.50273
562.42831
562.9666
562.96895
562.97232
562.97076
562.96492
562.97111
562.22658
562.96454
562.140914
562.22447
562.96563
562.97231
562.22436
562.97429
562.22816
562.96512
562.97128
562.5025
562.58775
562.22499
562.9684
562.96928
562.9721
562.42703
562.22791
562.140886
562.144233
562.42791
562.22696
562.97364
562.96419
562.22808
562.96736
562.7677
562.97248
562.7641
562.96769
562.4277
562.22722
562.97126
562.96753
562.22625
562.97312
562.7706
562.144264
562.22822
562.45672
562.22641
562.58771
562.22633
562.45603
562.19179
562.97401
562.144333
562.65786
562.50231
562.28389
562.42641
562.97136
562.7744
562.778
562.96498
562.16325
562.42834
562.96525
562.140869
562.96925
562.45401
562.7789
562.7757
562.97279
562.96754
562.96782
562.96483
562.5879
562.96991
562.22587
562.58783
562.7739
562.96785
562.58782
562.7769
562.97451
562.7782
562.140853
562.97006
562.42844
562.7691
562.16466
562.22777
562.96675
562.45645
562.22541
562.7736
562.7752
562.22594
562.9697
562.4275
562.97455
562.42838
562.97158
562.28112
562.42815
562.42764
562.7741
562.7665
562.97046
562.22738
562.96657
562.96519
562.45629
562.97153
562.58789
562.96632
562.144167
562.96596
562.771
562.96473
562.42797
562.42691
562.22878
562.97296
562.7719
562.7793
562.50289
562.97221
562.45593
562.96841
562.22705
562.64992
562.23044
562.64915
562.65427
562.65733
562.6531
562.23441
562.23604
562.64884
562.23467
562.23041
562.65237
562.64883
562.22907
562.23868
562.23525
562.23654
562.65463
562.65288
562.65079
562.23648
562.65027
562.64879
562.23282
562.23609
562.65524
562.23633
562.22897
562.23828
562.64875
562.6556
562.23309
562.23096
562.65665
562.65262
562.23655
562.23267
562.64967
562.65545
562.65255
562.65342
562.65758
562.64931
562.6515
562.23147
562.23464
562.23471
562.65598
562.23445
562.23785
562.23657
562.23379
562.65268
562.65497
562.23037
562.65658
562.23918
562.2325
562.22916
562.23813
562.23473
562.23007
562.23291
562.65756
562.23489
562.65242
562.22994
562.23685
562.65498
562.64903
562.65671
562.23283
562.65423
562.65499
562.23882
562.23174
562.65763
562.22849
562.65333
562.65411
562.23388
562.23279
562.6573
562.65158
562.65426
562.2392
562.65083
562.65126
562.65605
562.23322
562.23241
562.22985
562.23182
562.23586
562.23121
562.65153
562.23014
562.23367
562.65236
562.65136
562.6511
562.23336
562.2347
562.65304
562.23591
562.23212
562.65677
562.23222
562.6539
562.65036
562.2348
562.23073
562.65446
562.23837
562.23075
562.23634
562.23693
562.65341
562.65134
562.23711
562.65638
562.23774
562.65065
562.23219
562.6487
562.22848
562.23435
562.23139
562.2299
562.65087
562.22914
562.2328
562.65091
562.65514
562.22871
562.23491
562.6499
562.23316
562.22928
562.23518
562.23787
562.22927
562.64869
562.23664
562.23443
562.22846
562.23679
562.65016
562.23641
562.23717
562.65749
562.23497
562.65691
562.65588
562.65673
562.23924
562.23239
562.65145
562.23252
562.2296
562.23272
562.65585
562.23149
562.65726
562.23584
562.23395
562.23568
562.23528
562.23885
562.65559
562.23861
562.23449
562.23683
562.23193
562.65572
562.65516
562.65723
562.65203
562.23515
562.23558
562.87792
562.65459
562.65325
562.23404
562.23448
562.23499
562.23315
562.42672
562.23046
562.144253
562.42841
562.145044
562.96854
562.65641
562.65397
562.22743
562.96478
562.23326
562.23865
562.97347
562.232
562.22492
562.64878
562.23104
562.65502
562.23541
562.65546
562.23451
562.96605
562.23251
562.65266
562.65174
562.65528
562.23916
562.65921
562.22843
562.23675
562.2271
562.22472
562.57474
562.19821
562.16327
562.42652
562.65632
562.97084
562.22881
562.65589
562.29139
562.145397
562.145052
562.144174
562.144313
562.22539
562.65189
562.23851
562.145818
562.23819
562.19631
562.57368
562.23681
562.1443
562.23638
562.96647
562.65276
562.145027
562.23118
562.97272
562.23798
562.22483
562.23899
562.96547
562.22714
562.96939
562.96762
562.96933
562.22498
562.22591
562.22861
562.23203
562.23117
562.96961
562.6537
562.64911
562.22585
562.97354
562.97141
562.2309
562.42852
562.65109
562.65738
562.9708
562.23753
562.96555
562.23246
562.57434
562.2881
562.6546
562.23364
562.65374
562.23436
562.65817
562.65081
562.23624
562.5747
562.65352
562.97463
562.23759
562.22675
562.9667
562.65511
562.64959
562.23107
562.65801
562.97386
562.42664
562.96683
562.23333
562.22995
562.65284
562.96981
562.65157
562.23735
562.2283
562.97254
562.22763
562.97209
562.2372
562.9701
562.65399
562.97405
562.57371
562.65452
562.4273
562.23535
562.64865
562.23084
562.64922
562.65316
562.65818
562.65331
562.64932
562.23417
562.23671
562.22657
562.2285
562.97216
562.96586
562.97027
562.96711
562.2375
562.23197
562.14415
562.145819
562.23265
562.22741
562.23859
562.97473
562.6532
562.42857
562.145409
562.64963
562.42651
562.4265
562.42718
562.23847
562.23019
562.4283
562.96438
562.23884
562.58778
562.97015
562.97435
562.65311
562.23725
562.22818
562.97426
562.42734
562.23126
562.97
562.58785
562.23699
562.65659
562.23803
562.22649
562.22525
562.22948
562.64842
562.97328
562.96491
562.23162
562.96468
562.57507
562.100642
562.100819
562.144315
562.99274
562.65695
562.98718
562.22445
562.45615
562.98452
562.56861
562.98431
562.7786
562.100323
562.100283
562.9996
562.7702
562.64864
562.10093
562.98961
562.42846
562.100378
562.58725
562.56879
1045010.64
562.100141
562.98048
562.100001
562.56781
562.99446
562.58759
562.56817
562.65783
562.98974
562.50271
562.99936
562.99325
562.31464
562.98512
562.2276
562.65467
562.145028
562.65209
562.100036
562.98541
562.99672
562.9945
562.100798
562.45631
562.99719
562.48348
562.140837
562.144226
562.98825
562.98781
562.10045
562.45641
562.98483
562.144335
562.145378
562.42836
562.57485
562.144273
562.99152
562.100185
562.97919
562.140842
562.6496
562.56804
562.98056
562.98098
562.42716
562.98547
562.99849
562.42777
562.100204
562.99823
562.7721
562.42788
562.98199
562.65217
562.144186
562.65215
562.7656
562.100552
562.99307
562.99897
562.100256
562.98559
562.42856
562.22676
562.144238
562.99687
562.10042
562.99415
562.7621
562.45597
562.98838
562.140847
562.97775
562.98982
562.100741
562.999
562.99595
562.99534
562.98881
562.57196
562.42807
562.97967
562.56868
562.9998
562.99739
562.97987
562.64984
562.145386
562.100299
562.99539
562.22664
562.65814
562.65231
562.65299
562.99604
562.4559
562.98962
562.57437
562.100048
562.97988
562.98044
562.100375
562.98994
562.57234
562.100781
562.22438
562.7583
562.42769
562.42799
562.98755
562.10001
562.135585
562.64872
562.42855
562.42835
562.98381
562.65275
562.98232
562.65586
562.7684
562.45848
562.100215
562.7717
562.99087
562.98993
562.98289
562.140828
562.9845
562.58764
562.22669
562.14088
562.50244
562.99441
562.22443
562.57388
562.145399
562.100098
562.57307
562.100381
562.100202
562.56887
562.100035
562.5877
562.100561
562.57373
562.99871
562.100911
562.98891
562.14508
562.22514
562.100725
562.98359
562.57499
562.57467
562.144998
562.100812
562.98472
562.98785
562.99835
562.99884
562.100388
562.29007
562.140824
562.45671
562.29003
562.30435
562.45669
562.140856
562.45646
562.45632
562.140887
562.45636
562.17621
562.14089
562.42771
562.50309
562.140848
562.58777
562.45611
562.42763
562.45668
562.42686
562.140852
562.45642
562.5878
562.140829
562.42779
562.58788
562.14091
562.45638
1438684.3
562.140868
562.140884
562.140831
562.45649
562.428
562.4562
562.45666
562.42784
562.140863
562.45652
562.140897
562.16326
562.42786
562.58784
562.45644
562.45607
562.140875
562.45655
562.140903
562.11463
562.140872
562.4567
1328433.3
562.45617
562.45677
562.42776
562.11557
562.140901
562.45633
562.29006
562.140843
562.45661
562.45599
562.3328
562.140902
562.45589
562.45623
562.140881
562.45602
562.4564
562.33281
562.11346
562.45634
562.45626
562.140876
562.140825
562.45619
562.19823
562.42803
562.140835
562.45657
562.28567
562.45604
562.45601
562.140885
562.140888
562.140891
562.45605
562.140892
562.42761
562.140838
1438685.3
562.45628
562.30434
562.140834
562.42812
562.45663
562.45598
562.140908
562.42794
562.42792
562.140883
562.30362
562.114625
562.42818
562.45658
562.28563
562.11347
562.140846
562.42787
562.45639
562.34088
562.28565
562.58772
562.58769
562.42783
562.4561
562.140907
562.140833
562.45622
562.29008
562.45673
562.58792
562.45606
562.45664
562.42816
562.34089
562.45612
562.140894
562.45587
562.45624
562.45596
562.45651
562.58773
562.42806
562.140878
562.140906
562.42805
562.58774
562.140855
562.45625
562.114626
562.45585
562.45676
562.140919
562.140915
562.58787
562.140896
562.45647
562.4279
562.140849
562.22426
562.140895
562.14086
562.45635
562.140857
562.114631
562.58779
562.45608
562.45595
562.19632
562.140844
562.42789
562.140826
562.45609
562.102124
562.45654
562.114633
562.42819
562.140909
562.85839
562.144975
562.7664
562.7636
562.77
562.7652
562.7681
562.7697
562.145408
562.145405
562.7668
562.7643
562.7629
562.7666
562.145014
562.50308
562.145075
562.7654
562.7579
562.7565
562.90695
562.145396
562.145406
562.7698
562.7758
562.145415
562.7722
562.7695
562.7566
562.7581
562.145418
562.765
562.7672
562.7727
562.144971
562.757
562.109862
562.7653
562.14542
562.774
562.7578
562.7692
562.144997
562.7707
562.145422
562.775
562.7788
562.79122
562.779
562.776
562.145071
562.145037
562.7619
562.7785
562.111036
562.145379
562.145401
562.144983
562.145019
562.7575
562.7712
562.7714
562.7709
562.144996
562.144961
562.145017
562.7725
562.767
562.145018
562.7763
562.7645
562.762
562.7642
562.7734
562.7738
562.777
562.7755
562.7726
562.7625
562.7661
562.144981
562.144949
562.7667
562.145394
562.79124
562.145003
562.7669
562.7573
562.769
562.7737
562.145073
562.144999
562.145392
562.7689
562.7659
562.145016
562.145024
562.7749
562.145821
562.144958
562.145421
562.7745
562.144956
562.7638
562.144964
562.7685
562.145058
562.10986
562.145413
562.145008
562.145428
562.7761
562.7704
562.14539
562.7778
562.145398
562.145403
562.145812
562.758
562.48346
562.145059
562.145419
562.7765
562.145385
562.145816
562.145012
562.145424
562.144963
562.7784
562.7673
562.144948
562.7649
562.108812
562.7728
562.145074
562.145032
562.145068
562.109861
562.7753
562.7577
562.7694
562.764
562.145381
562.1454
562.145026
562.14538
562.7705
562.80368
562.7648
562.145022
562.98437
562.98065
562.22569
562.45627
562.22783
562.22473
562.42666
562.98018
562.22528
562.140851
562.58791
562.98205
562.22524
562.9821
562.22765
562.22671
562.22821
562.45594
562.140879
562.22731
562.22615
562.22751
562.42796
562.50269
562.45656
562.22474
562.42862
562.99996
562.42823
562.503
562.50267
562.98246
562.22807
562.98386
562.140832
562.98042
562.22697
562.98273
562.112423
562.22682
562.22556
562.22598
562.97966
562.22761
562.98267
562.2252
562.22679
562.42845
562.98274
562.50248
562.22764
562.22544
562.98245
562.98292
562.98313
562.22562
562.97942
562.42808
562.42866
562.98414
562.97979
562.98396
562.2282
562.115104
562.45614
562.22814
562.22823
562.98294
562.50305
562.42829
562.98011
562.42832
562.22817
562.98464
562.97975
562.50258
562.98436
562.2247
562.22453
562.112424
562.101975
562.2245
562.98019
562.22464
562.6579
562.50302
562.22798
562.65785
562.22665
562.97985
562.98412
562.97998
562.50268
562.42865
562.22465
562.98384
562.34085
562.140911
562.98446
562.98329
562.22809
562.98296
562.98293
562.22659
562.9795
562.98433
562.9803
562.22481
562.98229
562.22698
562.22606
562.98029
562.22708
562.98467
562.22459
562.98012
562.22627
562.97973
562.22757
562.42825
562.2265
562.98413
562.2263
562.98235
562.140858
562.42851
562.22553
562.22639
562.22647
562.22781
562.22506
562.22872
562.9847
562.98211
562.50229
562.98403
562.98047
562.22433
562.98356
562.50276
562.98388
562.98474
562.140854
562.23867
562.9825
562.22678
562.17721
562.98238
562.50282
562.50255
562.45853
562.22767
562.22681
562.11349
562.5922
562.59222
562.59223
562.59219
562.59227
562.59226
562.59225
562.59224
562.59221
562.59218
562.59228
562.59217
562.59229
562.144923
562.135593
562.144913
562.80366
562.144936
562.135562
562.144938
562.14493
562.135589
562.135592
562.135568
562.14492
562.145373
562.135582
562.144925
562.135588
562.90694
562.13558
562.13556
562.144919
562.135578
562.144915
562.135561
562.87793
562.135573
562.85838
562.144912
562.135563
562.144933
562.135587
562.144917
562.135559
562.144932
562.135569
562.144918
562.144941
562.135583
562.60286
562.135591
562.135564
562.144935
562.144916
562.144931
562.135576
562.144911
562.144914
562.135574
562.135581
562.87791
562.144921
562.135584
562.144937
562.144939
562.145372
562.144943
562.144927
562.144942
562.135571
562.144922
562.14494
562.144934
562.135594
562.135567
562.135575
562.79123
562.144926
562.144924
562.144929
562.13557
562.135586
562.13559
562.135579
562.135572
562.135577
562.135565
562.85837
562.80367
562.144928
562.42755
562.23792
562.22773
562.23854
562.22497
562.2257
562.2275
562.22795
562.2264
562.22796
562.22507
562.22768
562.2279
562.22723
562.22471
562.22784
562.22574
562.22571
562.22439
562.22802
562.22703
562.22582
562.226
562.22686
562.22476
562.22621
562.22753
562.22729
562.22819
562.22536
562.22628
562.22535
562.22715
562.22617
562.22455
562.22642
562.22653
562.12962
562.22687
562.22548
562.22602
562.22656
562.22774
562.22629
562.22599
562.22557
562.22794
562.2254
562.22635
562.22579
562.22555
562.22504
562.2272
562.22603
562.22805
562.2258
562.2277
562.22725
562.22462
562.22545
562.22803
562.22604
562.22652
562.22695
562.22532
562.2243
562.22668
562.22428
562.22756
562.22451
562.22457
562.22666
562.22479
562.22503
562.227
562.22813
562.22747
562.2281
562.22733
562.22806
562.22432
562.22595
562.22702
562.22778
562.22744
562.22485
562.22513
562.22799
562.22713
562.22736
562.22518
562.2259
562.22563
562.22516
562.22478
562.22619
562.22648
562.22429
562.22825
562.22632
562.2266
562.22683
562.22749
562.22542
562.22568
562.22482
562.22776
562.22565
562.2253
562.22815
562.22577
562.22454
562.22644
562.22496
562.2273
562.22527
562.22772
562.22588
562.2251
562.22431
562.22634
562.22537
562.22812
562.22631
562.2249
562.22558
562.22511
562.22709
562.22554
562.22529
562.22583
562.22561
562.22515
562.22508
562.22724
562.22689
562.22581
562.22876
562.22674
562.22584
562.22734
562.50277
562.42726
562.42739
1328434.3
562.5029
562.45667
562.42833
562.45592
562.42824
562.42842
562.50245
562.50228
562.45616
562.45653
562.58629
562.2884
562.42847
562.42658
562.42861
562.42727
562.5863
562.50279
562.140859
562.37112
562.42858
562.140899
562.31454
562.50254
562.140827
562.45648
562.58625
562.58628
562.58633
562.50301
562.50222
562.58627
562.58632
562.140912
562.28841
562.42859
562.58637
562.42811
562.50252
562.50234
562.45613
562.50238
562.45847
562.45662
562.20499
562.50223
562.42756
562.37108
562.31451
562.140862
562.42767
562.88799
562.45621
562.37111
562.42839
562.45643
562.42802
562.42848
562.5024
562.45675
562.140882
562.42863
562.58635
562.42736
562.58622
562.42809
562.50284
562.42785
562.31457
562.4287
562.42634
562.50246
562.42821
562.14085
562.42822
562.50285
562.50262
562.50274
562.31459
562.28434
562.53932
562.427
562.28435
562.3145
562.50294
562.5865
562.45674
562.140864
562.5864
562.50263
562.140964
562.42766
562.42873
562.140874
562.14084
562.45851
562.50303
562.65794
562.22612
562.58643
562.145081
562.7644
562.42698
562.140871
562.42643
562.50249
562.11511
562.22706
562.144988
562.145043
562.7637
562.144973
562.1762
562.7735
562.22564
562.22718
562.22716
562.42749
562.22711
562.22623
562.7647
562.7646
562.22611
562.7662
562.4282
562.42723
562.42759
562.140839
562.145013
562.22775
562.45396
562.22618
562.42735
562.4269
562.50225
562.7742
562.145039
562.7772
562.65819
562.42644
562.145057
562.22494
1400157.3
562.7683
562.7624
562.7627
562.115102
562.65799
562.65812
562.22742
562.7639
562.145036
562.22769
562.145051
562.42869
562.42663
562.50287
562.45591
562.42696
562.140898
562.7679
562.58641
562.22484
562.58649
562.91162
562.42843
562.42752
562.22601
562.7791
562.45659
562.12961
562.65808
562.145063
562.114672
562.7779
562.4286
562.22691
562.42868
562.144978
562.50237
562.144992
562.22874
562.7657
562.22576
562.14495
562.42724
562.7776
562.42685
562.144976
562.42713
562.22441
562.50295
562.7767
562.7713
562.42667
562.22608
562.145439
562.100099
562.98188
562.96509
562.100671
562.57439
562.100154
562.97082
562.144254
562.96447
562.98139
562.2354
562.98615
562.100489
562.23433
562.144955
562.23392
562.57441
562.100668
562.99082
562.99033
562.96437
562.96515
562.98849
562.96529
562.98659
562.99652
562.2346
562.144263
562.96796
562.57391
562.97202
562.2321
562.100836
562.98455
562.99671
562.97467
562.98212
562.97496
562.100419
562.100352
562.98921
562.22921
562.23608
562.96461
562.22969
562.144294
562.98016
562.99322
562.100009
562.98308
562.98315
562.23921
562.96814
562.99178
562.100275
562.99843
562.22667
562.99311
562.99796
562.99254
562.97359
562.97255
562.100637
562.2333
562.100874
562.10013
562.22505
562.98125
562.99969
562.98633
562.98363
562.65804
562.100647
562.23238
562.100588
562.23902
562.23478
562.22762
562.99301
562.98475
562.56823
562.98748
562.99121
562.99851
562.96457
562.100219
562.96922
562.96989
562.23127
562.23815
562.97173
562.98756
562.98772
562.23263
562.984
562.98943
562.100377
562.574
562.98878
562.99402
562.144989
562.100857
562.23554
562.2357
562.98085
562.97419
562.98836
562.9743
562.100302
562.99181
562.97197
562.98872
562.100799
562.144319
562.97175
562.22673
562.97484
562.57175
562.22972
562.23129
562.100433
562.98416
562.2371
562.42853
562.98486
562.23577
562.96949
562.23543
562.9897
562.100278
562.100018
562.100436
562.99788
562.23204
562.23039
562.22801
562.65803
562.98671
562.23123
562.100161
562.2319
562.23401
562.22998
562.98192
562.96971
562.97089
562.100307
562.98947
562.97106
562.98295
562.98385
562.22446
562.99071
562.5727
562.145009
562.58728
562.9877
562.99459
562.99622
562.100029
562.98221
562.100526
562.98871
562.23733
562.57279
562.97149
562.98488
562.57305
562.23864
562.129397
562.13502
562.45637
562.58645
562.58636
562.58626
562.4563
562.45665
562.58644
562.45588
562.58648
562.58642
562.58624
562.58631
562.45618
562.456
562.58647
562.58621
562.42655
562.42657
562.58634
562.58646
562.58638
562.58623
562.58651
562.42733
562.144966
562.42827
562.42722
562.144155
562.58786
562.144268
562.144209
562.56829
562.34086
562.56812
562.228
562.42676
562.42654
562.56795
562.22489
562.144196
562.42864
562.144277
562.22519
562.144304
562.22468
562.144245
562.111034
562.56791
562.22578
562.22638
562.14426
562.56886
562.144221
562.144298
562.42729
562.45845
562.14498
562.4267
562.144157
562.56827
562.144241
562.5692
562.144297
562.56788
562.56834
562.14544
562.144952
562.22748
562.145429
562.144288
562.144951
562.52722
562.145038
562.144215
562.22596
562.144979
562.56796
562.22661
562.22692
562.42656
562.144303
562.145065
562.4274
562.144205
562.42671
562.145069
562.14428
562.42717
562.144217
562.56869
562.56787
562.144202
562.144302
562.42697
562.114632
562.56906
562.145007
562.144326
562.22771
562.56775
562.22486
562.145425
562.56865
562.56866
562.56813
562.145436
562.42665
562.42687
562.144259
562.145077
562.144953
562.144957
562.145002
562.145437
562.4264
562.22523
562.144251
562.144327
562.4285
562.109859
562.42659
562.42742
562.144293
562.22651
562.56875
562.144175
562.56774
562.144265
562.144154
562.144199
562.144171
562.14419
562.144258
562.144188
562.144198
562.144187
562.144219
562.144182
562.144314
562.144208
562.144269
562.144189
562.144207
562.144236
562.144168
562.144316
562.144223
562.144311
562.144256
562.144201
562.144153
562.144272
562.144257
562.14421
562.144178
562.144244
562.144194
562.144306
562.144179
562.144218
562.144231
562.144162
562.14427
562.144334
562.144164
562.144184
562.144191
562.144325
562.144328
562.144152
562.144261
562.144195
562.144317
562.144166
562.1442
562.144331
562.144192
562.144173
562.144165
562.144301
562.144237
562.144318
562.144255
562.144299
562.144247
562.144312
562.144329
562.144163
562.14418
562.144309
562.144295
562.144281
562.144176
562.144193
562.144276
562.144156
562.144286
562.144181
562.144213
562.14422
562.14423
562.144235
562.144296
562.14433
562.144232
562.144248
562.144185
562.144228
562.144262
562.144214
562.144246
562.144332
562.144252
562.144172
562.144249
562.144158
562.144324
562.144274
562.144224
562.144159
562.144321
562.144242
562.144271
562.144197
562.144211
562.144291
562.14425
562.14432
562.144177
562.144234
562.144204
562.144225
562.144323
562.144183
562.14417
562.144212
562.144267
562.144278
562.144227
562.144216
562.144161
562.144203
562.144275
562.144305
562.144206
562.28132
562.30349
562.114673
562.28131
562.99856
562.100196
562.98938
562.97274
562.57508
562.100012
562.98979
562.98511
562.98763
562.98933
562.57313
562.9735
562.98393
562.23923
562.99643
562.100079
562.2322
562.97923
562.98286
562.99632
562.97001
562.96534
562.98514
562.9861
562.100939
562.97948
562.23159
562.100241
562.100929
562.23138
562.98708
562.100532
562.98767
562.100658
562.100085
562.96685
562.100774
562.23761
562.23544
562.144985
562.99233
562.42635
562.97815
562.57265
562.99752
562.9835
562.97414
562.99207
562.96921
562.5687
562.99695
562.58766
562.99363
562.98214
562.100623
562.23556
562.99185
562.23341
562.23895
562.99927
562.99469
562.98528
562.98107
562.97758
562.22869
562.98817
562.100611
562.100801
562.98739
562.98305
562.57413
562.57314
562.98187
562.10041
562.2352
562.100039
562.98582
562.57095
562.98335
562.99258
562.23286
562.98165
562.98807
562.573
562.100349
562.96669
562.100835
562.97498
562.9977
562.98796
562.31463
562.7582
562.5743
562.99707
562.98729
562.98549
562.57381
562.98689
562.99708
562.57129
562.96731
562.98255
562.100842
562.100068
562.98814
562.96998
562.145061
562.7686
562.9662
562.97085
562.98601
562.99308
562.100518
562.96812
562.42678
562.23094
562.99888
562.2388
562.100471
562.99663
562.99742
562.100386
562.97438
562.97047
562.98297
562.9794
562.97025
562.100058
562.23566
562.98066
562.99946
562.98584
562.96725
562.100947
562.100155
562.42701
562.97201
562.97054
562.96701
562.98161
562.100331
562.98827
562.96823
562.98944
562.97058
562.100084
562.97093
562.22752
562.9805
562.28566
562.28997
562.19177
562.19191
562.145441
562.19187
562.19181
562.145393
562.145383
1045010.62
562.14582
562.19189
562.29002
562.145817
562.30307
1045010.61
562.145389
562.48345
562.28981
562.145443
562.145412
562.145391
562.19186
562.30306
562.30309
562.19183
562.28998
562.28811
562.14543
562.19182
562.145427
562.30305
562.19184
562.145432
562.28113
562.145395
562.145384
562.48349
562.28114
562.14541
562.1918
562.3031
562.28999
562.30304
562.19188
562.145416
562.111035
562.29
562.145407
562.145411
562.145414
562.111033
562.145431
562.28111
562.145388
562.30308
562.145435
562.17733
562.145442
562.29001
562.1919
562.145434
562.145404
562.19185
562.145417
562.145822
1045010.63
562.145402
562.19178
562.28982
562.42646
562.7623
562.7622
562.19081
562.7775
562.50275
562.7618
562.50241
562.7747
562.7674
562.42681
562.19084
562.31462
562.144984
562.145055
562.42684
562.145005
562.50247
562.14506
562.7671
562.7635
562.42673
562.50251
562.42721
562.50224
562.42715
562.7678
562.145049
562.28845
562.7628
562.7568
562.772
562.4272
562.7781
562.145387
562.42814
562.773
562.42669
562.144946
562.42872
562.7584
562.19637
562.50264
562.42702
562.50236
562.7663
562.144972
562.50257
562.50297
562.144993
562.7718
562.31458
562.58776
562.7655
562.14504
562.7693
562.145066
562.145064
562.42747
562.144995
562.50281
562.7771
562.766
562.50296
562.42762
562.42693
562.42837
562.100346
562.98137
562.98163
562.2326
562.23546
562.97867
562.99092
562.97863
562.98856
562.22448
562.98859
562.97774
562.57151
562.97929
562.99345
562.99631
562.23622
562.98833
562.9889
562.22953
562.23498
562.23026
562.100605
562.99151
562.23006
562.57321
562.97834
562.57273
562.57276
562.100295
562.97854
562.2365
562.99346
562.23065
562.5724
562.23703
562.99721
562.23773
562.22962
562.23327
562.23273
562.98926
562.23537
562.22622
562.100317
562.98108
562.100549
562.99657
562.99366
562.9907
562.98794
562.100523
562.22488
562.98581
562.23331
562.99128
562.100426
562.100484
562.99934
562.100203
562.22786
562.99048
562.9994
562.57293
562.23266
562.99389
562.57079
562.23715
562.98532
562.23339
562.23195
562.99791
562.23177
562.99673
562.99108
562.2379
562.23643
562.22983
562.98654
562.22845
562.57111
562.22655
562.98117
562.98454
562.98536
562.99072
562.22905
562.99359
562.100296
562.23707
562.99267
562.9915
562.22967
562.9999
562.23565
562.100573
562.100582
562.57425
562.22826
562.23615
562.97869
562.98562
562.23059
562.99412
562.100309
562.100277
562.99457
562.98142
562.98127
562.99706
562.5751
562.23274
562.100416
562.57399
562.22966
562.23853
562.99578
562.99007
562.99727
562.23595
562.98408
562.99857
562.23429
562.57398
562.98553
562.99571
562.97846
562.100212
562.10027
562.23749
562.98996
562.57103
562.98583
562.98765
562.99543
562.98174
562.99159
562.23335
562.23697
562.98504
562.99676
562.100524
562.99812
562.99404
562.97957
562.10051
562.100415
562.22923
562.9829
562.99158
562.57195
562.99135
562.57472
562.22589
562.57191
562.57329
562.57097
562.57411
562.57315
562.57114
562.57281
562.57449
562.57248
562.57166
562.57078
562.57206
562.57402
562.5708
562.57116
562.57415
562.57159
562.5718
562.57168
562.57435
562.57494
562.57256
562.57452
562.57192
562.57184
562.57239
562.57123
562.5737
562.57091
562.57203
562.57219
562.57247
562.57246
562.572
562.57142
562.57372
562.57451
562.57295
562.57464
562.57105
562.57477
562.57099
562.57431
562.57185
562.57412
562.57457
562.57317
562.57215
562.57484
562.57382
562.57146
562.57167
562.57378
562.57363
562.57319
562.5709
562.57137
562.57179
562.57422
562.57502
562.575
562.5738
562.57395
562.57251
562.57087
562.57432
562.57118
562.57418
562.57383
562.57454
562.57115
562.57245
562.57299
562.57476
562.57292
562.57406
562.57231
562.57492
562.57098
562.5722
562.57288
562.57287
562.57213
562.57223
562.57266
562.57396
562.57193
562.57209
562.57174
562.57133
562.57201
562.57106
562.5732
562.57488
562.57471
562.57376
562.57479
562.57304
562.57456
562.5733
562.57242
562.57257
562.57469
562.57244
562.57127
562.57176
562.57148
562.57308
562.57264
562.57267
562.57126
562.57416
562.57152
562.57182
562.57414
562.57243
562.57155
562.57187
562.57092
562.57101
562.57164
562.57491
562.57093
562.57086
562.57389
562.57085
562.57169
562.57408
562.57104
562.57147
562.57429
562.57458
562.57232
562.5749
562.57216
562.57433
562.57275
562.57135
562.57404
562.57143
562.57407
562.57366
562.57077
562.57316
562.5742
562.57377
562.57161
562.5721
562.57419
562.57505
562.57401
562.57448
562.57207
562.57183
562.57144
562.57131
562.57459
562.57083
562.57217
562.7731
562.7688
562.65789
562.7794
562.7567
562.144959
562.7696
562.58729
562.145045
562.454
562.7708
562.7632
562.144944
562.31465
562.7777
562.7754
562.144965
562.145021
562.145067
562.145433
562.5874
562.65815
562.65787
562.28846
562.65788
562.14502
562.65796
562.3146
562.144945
562.58713
562.7766
562.145046
562.65797
562.7687
562.100138
562.9809
562.99784
562.97994
562.2305
562.50253
562.98802
562.9933
562.99914
562.98822
562.100402
562.31452
562.97889
562.97278
562.97056
562.97028
562.98182
562.96418
562.99296
562.98638
562.57107
562.100961
562.98917
562.96444
562.99651
562.9966
562.96717
562.99318
562.98945
562.99837
562.99549
562.99524
562.97851
562.98614
562.98839
562.991
562.100676
562.9891
562.42867
562.9838
562.98619
562.97944
562.23555
562.99224
562.96897
562.9973
562.100821
562.99915
562.98172
562.100267
562.96781
562.98714
562.96582
562.98932
562.98773
562.99423
562.99219
562.50293
562.23901
562.97243
562.96969
562.23072
562.10084
562.97316
562.98774
562.23188
562.23225
562.97114
562.10048
562.99075
562.23834
562.23001
562.98113
562.98425
562.100153
562.98669
562.42746
562.100649
562.23698
562.98068
562.100442
562.97995
562.98725
562.97855
562.96986
562.100626
562.99648
562.96999
562.97112
562.99134
562.100248
562.23545
562.98103
562.96876
562.100925
562.112426
562.7682
562.57112
562.9873
562.2376
562.100525
562.98263
562.97168
562.97382
562.99967
562.97057
562.99147
562.98371
562.9901
562.99384
562.23325
562.98002
562.9953
562.99531
562.100759
562.97072
562.99815
562.98121
562.96694
562.23614
562.98496
562.97837
562.56773
562.56851
562.58703
562.56841
562.58721
562.58705
562.56822
562.5871
562.58727
562.58726
562.568
562.56763
562.56833
562.56845
562.56872
562.56762
562.56825
562.56831
562.5678
562.1909
562.56848
562.56818
562.56917
562.5679
562.56794
562.56911
562.58733
562.56797
562.58714
562.58719
562.56904
562.56907
562.56853
562.58736
562.115105
562.56777
562.56876
562.115109
562.56914
562.58709
562.58723
562.56793
562.56783
562.58737
562.56902
562.56855
562.56768
562.56814
562.56801
562.56905
562.56802
562.56772
562.115101
562.115103
562.56918
562.19079
562.56858
562.56789
562.56846
562.56811
562.115106
562.56805
562.56821
562.56909
562.56847
562.56824
562.56919
562.56888
562.56808
562.56893
562.115073
562.56803
562.5681
562.56889
562.56903
562.56894
562.5682
562.56776
562.56815
562.56873
562.56839
562.56882
562.58707
562.5676
562.5685
562.58738
562.56809
562.56899
562.56782
562.58706
562.56826
562.58734
562.56884
562.56785
562.569
562.58717
562.102106
562.101974
562.56764
562.56898
562.5677
562.56842
562.56837
562.58708
562.56922
562.56857
562.58704
562.56807
562.56897
562.56779
562.56799
562.5872
562.56784
562.56771
562.56901
562.58735
562.56892
562.56765
562.56769
562.56891
562.56835
562.56836
562.56913
562.65781
562.42871
562.17722
562.65791
562.6578
562.42849
562.1296
562.42828
562.65784
562.42826
562.4284
562.42854
562.140913
562.14087
562.140841
562.140889
562.140893
562.140836
1438670.3
562.112391
562.140905
562.140918
562.14083
562.140845
1438668.3
562.140873
562.22645
562.4278
562.6581
562.4266
562.22735
562.22721
562.22754
562.42645
562.42706
562.22662
562.42682
562.42694
562.42757
562.4585
562.22746
562.2269
562.23791
562.144239
562.42689
562.42712
562.22719
562.42699
562.144243
562.22704
562.17359
562.22469
562.22559
562.5023
562.22712
562.42813
562.22491
562.42668
562.4281
562.42745
562.22477
562.22824
562.2261
562.144308
562.22444
562.42774
562.42817
562.42695
562.22501
562.2246
562.42772
562.22755
562.42773
562.22534
562.42642
1328432.3
562.42743
562.65798
562.42775
562.144968
562.145011
562.144987
562.145042
562.14505
562.145056
562.145035
562.145053
562.144977
562.14499
562.145001
562.145
562.144986
562.145048
562.145078
562.144954
562.144994
562.145033
562.145072
562.145076
562.145079
562.144991
562.144969
562.144967
562.14501
562.144974
562.145034
562.145015
562.14507
562.145006
562.14503
562.145029
562.145031
562.14496
562.144982
562.145041
562.145025
562.145062
562.144962
562.145047
562.45399
562.45398
562.42751
562.45397
562.45403
562.45404
562.99053
562.98427
562.98952
562.97183
562.23484
562.100688
562.98636
562.98635
562.99411
562.97443
562.99992
562.98499
562.23152
562.57089
562.100912
562.97172
562.23235
562.99713
562.22466
562.57478
562.97456
562.99572
562.96746
562.99206
562.97996
562.96898
562.99024
562.100837
562.14429
562.98939
562.23064
562.99468
562.100122
562.97502
562.23338
562.96964
562.98645
562.100689
562.99115
562.99723
562.9898
562.100796
562.57417
562.99703
562.23522
562.23826
562.100699
562.23454
562.100789
562.10017
562.100052
562.22852
562.97304
562.97762
562.99628
562.97875
562.99918
562.98788
562.100163
562.96835
562.100931
562.22842
562.2287
562.100893
562.23088
562.97827
562.99902
562.96692
562.50286
562.9862
562.99
562.23755
562.9827
562.100766
562.96923
562.96872
562.9949
562.23209
562.98608
562.10019
562.9664
562.100653
562.23377
562.100216
562.96904
562.100422
562.10061
562.100917
562.99298
562.100255
562.97963
562.98854
562.99765
562.100577
562.23359
562.98709
562.96612
562.99665
562.9913
562.100333
562.23287
562.100823
562.100316
562.23915
562.96739
562.100718
562.23128
562.23523
562.98426
562.97469
562.97096
562.100743
562.99019
562.99164
562.99464
562.100732
562.22955
562.9791
562.100043
562.96738
562.99957
562.23505
562.23122
562.7658
562.23421
562.23589
562.23357
562.23076
562.23092
562.23103
562.23559
562.22854
562.23223
562.23898
562.23423
562.23512
562.23304
562.56874
562.23254
562.23413
562.23812
562.56883
562.23781
562.23474
562.23917
562.23599
562.23613
562.23141
562.23111
562.2361
562.23493
562.23042
562.23635
562.2345
562.23841
562.22943
562.2294
562.23896
562.23067
562.23087
562.23386
562.22915
562.23572
562.23242
562.23334
562.23716
562.23005
562.22974
562.22952
562.23078
562.23184
562.23229
562.2367
562.23271
562.22958
562.23173
562.2366
562.2386
562.23047
562.2369
562.2295
562.23015
562.2335
562.23389
562.23842
562.23403
562.23677
562.2378
562.23856
562.23481
562.23302
562.23469
562.42801
562.16324
562.23931
562.56912
562.23843
562.23475
562.56915
562.22834
562.23632
562.229
562.23016
562.23165
562.23934
562.23396
562.23487
562.23002
562.23852
562.23496
562.23644
562.2363
562.23018
562.23794
562.23869
562.23719
562.23743
562.23582
562.42738
562.45852
562.50226
562.42732
562.42768
562.4268
562.4271
562.50272
562.42675
562.42782
562.42637
562.42639
562.42758
562.42705
562.42754
562.42719
562.42781
562.42653
562.42804
562.50232
562.50239
562.45916
562.19633
562.5027
562.42737
562.96797
562.99026
562.99503
562.99679
562.96676
562.100082
562.97757
562.97868
562.9981
562.7626
562.98908
562.99286
562.9711
562.97947
562.97865
562.100579
562.97132
562.98193
562.97144
562.100096
562.100825
562.22434
562.10015
562.100706
562.96652
562.99317
562.99229
562.97884
562.22526
1328442.3
562.100737
562.100816
562.97376
562.100602
562.1
562.100207
562.96609
562.98981
562.96487
562.9736
562.97226
562.144287
562.97384
562.96859
562.100629
562.100184
562.96472
562.99614
562.98478
562.96538
562.99879
562.99664
562.98347
562.98159
562.56761
562.98181
562.98306
562.10025
562.98253
562.100639
562.97474
562.96748
562.96604
562.99642
562.98258
562.98115
562.96622
562.9746
562.97798
562.99018
562.22717
562.97791
562.974
562.100635
562.96945
562.97367
562.96429
562.98815
562.140866
562.98025
562.99757
562.100227
562.100719
562.9899
562.97228
562.9997
562.100511
562.100282
562.97925
562.96559
562.99486
562.98776
562.99262
562.100115
562.9965
562.99658
562.97793
562.100886
562.9719
562.100806
562.98038
562.100854
562.100598
562.97157
562.966
562.98789
562.100891
562.98275
562.100057
562.96976
562.97853
562.97507
562.9832
562.97299
562.100142
562.98894
562.100235
562.96963
562.100482
562.98797
562.97857
1400156.3
1438672.3
562.140867
562.140865
562.140904
1445862.3
562.50227
562.50235
562.45846
562.45849
562.50233
562.9892
562.98795
562.98469
562.98602
562.9886
562.98351
562.98759
562.98146
562.98967
562.98683
562.98495
562.98687
562.98873
562.98983
562.98843
562.98281
562.98326
562.98284
562.98589
562.98573
562.99732
562.98809
562.9865
562.98327
562.144947
562.98303
562.98676
562.98501
562.9841
562.98373
562.98769
562.98233
562.98664
562.98674
562.98999
562.98417
562.98727
562.9887
562.99974
562.98726
562.98622
562.98162
562.98567
562.145426
562.98705
562.98558
562.98777
562.9851
562.98382
562.98791
562.98457
562.98367
562.98234
562.9878
562.98445
562.98319
562.98491
562.98899
562.98248
562.98867
562.98525
562.98937
562.98448
562.98758
562.98337
562.98616
562.98482
562.58722
562.98903
562.98804
562.987
562.98914
562.98707
562.98231
562.98828
562.98518
562.98757
562.98682
562.98473
562.98989
562.98901
562.98761
562.98646
562.98595
562.98338
562.98744
562.10029
562.98252
562.98563
562.98855
562.98942
562.9879
562.98247
562.98831
562.989
562.98741
562.98269
562.98213
562.9866
562.7733
562.7724
562.7703
562.42707
562.42753
562.7723
562.7783
562.42725
562.7762
562.7701
562.7773
562.7756
562.7617
562.7572
562.7631
562.7732
562.7746
562.4276
562.98835
562.97894
562.99712
562.98935
562.96858
562.97782
562.99909
562.99583
562.10007
562.9828
562.99585
562.100446
562.97252
562.100041
562.99825
562.9797
562.100318
562.10062
562.98752
562.100399
562.98688
562.96747
562.22851
562.98821
562.96572
562.96941
562.100324
562.96911
562.99779
562.9787
562.98441
562.23303
562.23043
562.10092
562.98865
562.99112
562.99598
562.100056
562.96975
562.22898
562.97125
562.23151
562.100828
562.99569
562.97113
562.100129
562.9679
562.23557
562.10069
562.98432
562.100765
562.96951
562.97217
562.9839
562.99149
562.100193
562.97066
562.23888
562.98909
562.100195
562.99085
562.97038
562.22672
562.9654
562.96831
562.9988
562.96578
562.23878
562.23314
562.99987
562.100754
562.100389
562.97115
562.99342
562.99803
562.99636
562.98513
562.98332
562.9702
562.22954
562.9678
562.100019
562.23055
562.100401
562.23137
562.99998
562.99132
562.98505
562.22531
562.23033
562.10046
562.98175
562.9864
562.98336
562.23876
562.100882
562.23361
562.97802
562.9801
562.100221
562.23135
562.9706
562.98179
562.96666
562.98728
562.23101
562.99403
562.2316
562.97453
562.98377
562.22882
562.22946
562.97191
562.99545
562.99141
562.99022
562.99406
562.96462
562.22646
562.99735
562.9954
562.10023
562.23801
562.7759
562.7774
562.7792
562.58716
562.58715
562.5873
562.145004
562.58718
562.58724
562.145023
562.58732
562.58711
562.145423
562.58748
562.58741
562.45395
562.58739
562.42741
562.42661
562.100224
562.100702
562.22522
562.100226
562.100285
562.98517
562.22654
562.100636
562.23444
562.99014
562.22592
562.22992
562.99963
562.100004
562.99113
562.23452
562.100173
562.99659
562.98625
562.100782
562.994
562.9947
562.23114
562.9922
562.98666
562.98793
562.98724
562.99512
562.23363
562.10065
562.22533
562.99982
562.99677
562.2278
562.99003
562.23245
562.23034
562.100959
562.98672
562.98731
562.99305
562.100355
562.99195
562.23562
562.23157
562.100165
562.99831
562.2342
562.23153
562.9927
562.99263
562.100008
562.10002
562.98905
562.100711
562.99899
562.99396
562.99892
562.9991
562.22551
562.100448
562.23592
562.23293
562.100183
562.98995
562.50283
562.99744
562.99661
562.99211
562.99027
562.986
562.98997
562.9867
562.99612
562.100713
562.100597
562.100604
562.23788
562.23384
562.99214
562.23516
562.99458
562.99093
562.22934
562.23796
562.99216
562.99273
562.23569
562.23724
562.100369
562.23095
562.23453
562.99364
562.98561
562.100901
562.98868
562.99313
562.100258
562.99118
562.23548
562.100587
562.2255
562.57385
562.57322
562.22495
562.9876
562.57269
562.57298
562.57221
562.98803
562.98663
562.98629
562.57096
562.57229
562.98661
562.98675
562.57283
562.22789
562.57102
562.57252
562.42674
562.98743
562.98626
562.57493
562.42662
562.57205
562.100301
562.98668
562.57188
562.98782
562.57498
562.98712
562.50292
562.57446
562.98698
562.98742
562.45964
562.57403
562.98766
562.42683
562.22811
562.57369
562.22728
562.57227
562.5719
562.57255
562.22707
562.22699
562.22787
562.57233
562.22614
562.57094
562.57306
562.57325
562.57226
562.57323
562.768
562.22567
562.57177
562.5745
562.5729
562.22593
562.57392
562.57328
562.57496
562.57202
562.57198
562.57405
562.5746
562.57455
562.57136
562.57286
562.22797
562.22663
562.57291
562.98667
562.100686
562.100093
562.58743
562.100681
562.100393
562.98316
562.979
562.9846
562.100372
562.98866
562.97783
562.99202
562.100767
562.99444
562.99421
562.99627
562.10076
562.100694
562.99513
562.98348
562.100843
562.98858
562.100779
562.58747
562.99226
562.98402
562.99479
562.100135
562.99678
562.99908
562.99975
562.100127
562.98623
562.97755
562.97945
562.97874
562.99099
562.97956
562.99646
562.100376
562.99516
562.100218
562.100566
562.99973
562.99264
562.100047
562.99951
562.97937
562.98841
562.98634
562.99508
562.98143
562.100554
562.100613
562.100687
562.100014
562.98754
562.100087
562.100764
562.9903
562.98215
562.99433
562.98545
562.99937
562.97949
562.97906
562.98969
562.100714
562.99514
562.9971
562.98493
562.98204
562.98152
562.98265
562.98166
562.100942
562.98013
562.99283
562.100922
562.10079
562.100168
562.100024
562.42728
562.100704
562.99067
562.99743
562.100348
562.99344
562.100578
562.100738
562.100289
562.9917
562.98805
562.100485
562.99607
562.98106
562.10087
562.100663
562.98102
562.99533
562.100284
562.99624
562.9909
562.99546
562.100712
562.99299
562.100558
562.97936
562.98554
562.98812
562.99575
562.97773
562.97763
562.98588
562.100508
562.97766
562.98784
562.98051
562.99883
562.100103
562.98678
562.99698
562.100884
562.98073
562.100447
562.99272
