562.99999
562.19188
562.22491
562.79123
562.14091
562.22783
562.22588
562.28997
562.97061
562.22821
562.96993
562.96965
562.19179
562.28998
562.1918
562.28999
562.96992
562.22541
562.28114
562.144277
562.97
562.9699
562.28113
562.97068
562.96996
562.96999
562.97073
562.140873
562.22518
562.22523
562.19185
562.16325
562.29
562.28981
562.30309
562.97062
562.9697
562.22655
562.22503
562.97071
562.22442
562.97076
562.19183
562.28982
562.30349
562.9707
562.19181
562.29001
562.140862
562.28111
562.96995
562.22539
562.96981
562.19186
562.144323
562.42867
562.19184
562.28811
562.29002
562.96971
562.96994
562.96997
562.45401
562.30306
562.97072
562.96987
562.108812
562.2881
562.85838
562.30305
562.97069
562.28112
562.96949
562.87792
562.19177
562.97077
562.22611
562.19178
562.97075
562.80367
562.96974
562.96988
562.22669
562.19187
562.19189
562.2256
562.454
562.19182
562.96979
562.97004
562.97074
562.90694
562.19191
562.3031
562.96998
562.17722
562.16324
562.42827
562.4268
562.42828
562.22813
562.101974
562.144305
562.19823
562.115107
562.17721
562.50308
562.50309
562.42666
562.115109
562.115104
562.11511
562.19633
1438684.3
562.4266
562.42873
562.4283
562.114673
562.42665
562.42677
562.30307
562.1296
562.42755
562.144239
562.28131
562.30304
562.42635
562.144182
562.45404
562.42843
562.22457
562.29007
562.102106
562.30308
562.144161
562.101975
562.42661
562.7695
562.14088
562.45652
562.96977
562.97124
562.45654
562.7565
562.144185
562.144196
562.22436
562.7727
562.4565
562.97312
562.96483
562.777
562.7757
562.140828
562.12961
562.7784
562.7758
562.96702
562.144204
562.97479
562.22702
562.22666
562.22748
562.96778
562.50232
562.7791
562.97323
562.2288
562.42777
562.22637
562.144181
562.97028
562.42845
562.97235
562.50271
562.9745
562.7626
562.7759
562.97483
562.42862
562.96672
562.7647
562.96712
562.96535
562.22717
562.42861
562.7739
562.58783
562.96506
562.7674
562.96504
562.42639
562.97035
562.9742
562.96984
562.97109
562.97315
562.22798
562.7737
562.97187
562.45849
562.140894
562.968
562.7681
562.22726
562.140907
562.22433
562.7629
562.42642
562.22499
562.22692
562.22453
562.97083
562.7643
562.97209
562.97339
562.42805
562.9737
562.9711
562.42645
562.97377
562.140855
562.96765
562.12959
562.96681
562.140844
562.97214
562.97297
562.30434
562.22572
562.96918
562.22875
562.97422
562.7775
562.97346
562.96957
562.42814
562.96599
562.42742
562.140866
562.45603
562.7673
562.96622
562.115101
562.42842
562.97042
562.7658
562.7774
562.7632
562.58779
562.22727
562.140835
562.7746
562.42822
562.45618
562.97031
562.96563
562.22464
562.50288
562.96757
562.42796
562.22483
562.97033
562.9728
562.97168
562.22818
562.7753
562.42646
562.115105
562.22809
562.102124
562.96451
562.762
562.4279
562.22584
562.96461
562.144279
562.7678
562.97292
562.6579
562.58788
562.96675
562.97268
562.45665
562.22665
562.22531
562.58777
562.42865
562.42832
562.7745
562.22461
562.97126
562.22648
562.29006
562.22701
562.96565
562.97485
562.22694
562.30362
562.96587
562.974
562.7628
562.22553
562.96782
562.9689
562.50303
562.129397
562.45397
562.96569
562.96789
562.42748
562.42714
562.45852
562.97008
562.7625
562.88799
562.97435
562.22537
562.7568
562.22664
562.97401
562.42753
562.42855
562.22668
562.97032
562.22662
562.96888
562.144231
562.97287
562.96855
562.45606
562.22756
562.45589
562.22431
562.96856
562.65173
562.65064
562.64992
562.65016
562.65365
562.64851
562.6556
562.65588
562.65426
562.6511
562.64957
562.65015
562.65087
562.65207
562.65219
562.65358
562.65522
562.6483
562.64903
562.6571
562.65073
562.65288
562.65163
562.65476
562.65018
562.65498
562.65325
562.65017
562.65667
562.654
562.65411
562.65333
562.65118
562.65516
562.65006
562.65134
562.65332
562.65465
562.65736
562.65287
562.65223
562.6531
562.65091
562.64972
562.65447
562.65028
562.65406
562.64865
562.65112
562.65605
562.6515
562.65645
562.65504
562.65514
562.64912
562.65577
562.65702
562.65079
562.6526
562.65528
562.64906
562.65304
562.64959
562.6555
562.65235
562.65662
562.65123
562.65739
562.64879
562.65716
562.65749
562.65084
562.64967
562.65428
562.6572
562.65722
562.64946
562.6512
562.2388
562.23228
562.6559
562.23554
562.23373
562.23064
562.23542
562.23859
562.23861
562.23609
562.23663
562.23566
562.23204
562.23915
562.22973
562.6488
562.23513
562.23302
562.23173
562.65499
562.23121
562.65128
562.23203
562.22909
562.23544
562.64831
562.22856
562.23469
562.23822
562.23167
562.23461
562.22902
562.23824
562.2391
562.85839
562.6499
562.23012
562.65302
562.23347
562.2386
562.23679
562.2361
562.2392
562.22925
562.23626
562.23933
562.23831
562.2344
562.23082
562.2327
562.64896
562.23289
562.23633
562.65237
562.23754
562.2374
562.64949
562.65212
562.23772
562.23141
562.64874
562.23574
562.23365
562.23046
562.23097
562.23734
562.23826
562.6553
562.23834
562.23404
562.65585
562.22869
562.23317
562.2316
562.23245
562.23002
562.23545
562.23636
562.65
562.22949
562.23892
562.23161
562.23476
562.6508
562.23842
562.65564
562.23371
562.23463
562.23713
562.65242
562.23363
562.23832
562.64888
562.65282
562.23479
562.23296
562.23608
562.65298
562.23496
562.23585
562.23188
562.22997
562.23184
562.23073
562.23481
562.23293
562.23927
562.23215
562.23912
562.22915
562.23907
562.23464
562.23061
562.23551
562.64869
562.23525
562.2362
562.23273
562.2303
562.22955
562.23879
562.23291
562.65259
562.2343
562.23237
562.23175
562.23506
562.23003
562.23565
562.23672
562.22919
562.23514
562.23931
562.65126
562.23605
562.23229
562.23177
562.23086
562.236
562.2293
562.2325
562.23676
562.65596
562.22832
562.22946
562.23624
562.23749
562.6551
562.65143
562.23457
562.22992
562.79124
562.23505
562.23292
562.23331
562.22861
562.65012
562.23399
562.23054
562.23028
562.65204
562.65665
562.22834
562.23016
562.65055
562.65463
562.22974
562.65704
562.65263
562.64981
562.65265
562.65752
562.23337
562.65448
562.23193
562.23732
562.23838
562.65594
562.23652
562.23847
562.23244
562.65116
562.65312
562.2291
562.22948
562.65479
562.23541
562.65598
562.2336
562.64839
562.23417
562.23756
562.65583
562.22905
562.23006
562.6487
562.65262
562.65441
562.65236
562.65244
562.65726
562.65432
562.65246
562.23045
562.65566
562.65575
562.23206
562.23735
562.2359
562.23163
562.64864
562.23924
562.23771
562.64931
562.65392
562.23299
562.65157
562.23731
562.2289
562.23138
562.2387
562.23322
562.23301
562.65164
562.2313
562.65136
562.65185
562.23449
562.23426
562.22951
562.23358
562.65382
562.23903
562.239
562.65758
562.65022
562.65359
562.23855
562.23533
562.23562
562.65763
562.64856
562.64891
562.64917
562.65033
562.23881
562.65094
562.65631
562.65146
562.22943
562.64884
562.65255
562.23482
562.22857
562.23857
562.22921
562.23549
562.65397
562.23109
562.64866
562.23256
562.23584
562.65616
562.23625
562.23762
562.23221
562.23787
562.22953
562.23755
562.23722
562.2295
562.23489
562.22937
562.2318
562.23893
562.65558
562.23746
562.6549
562.65161
562.6539
562.2366
562.23388
562.23739
562.2312
562.65158
562.23517
562.23719
562.23493
562.22928
562.65285
562.23269
562.23146
562.65524
562.23845
562.65239
562.23224
562.23038
562.23898
562.6489
562.23696
562.65427
562.23839
562.65545
562.23753
562.23606
562.23191
562.65027
562.22922
562.23561
562.23552
562.23704
562.23782
562.23502
562.23579
562.23236
562.65686
562.64875
562.65567
562.23889
562.23603
562.65572
562.22938
562.65488
562.65269
562.65658
562.65127
562.23468
562.23768
562.22906
562.23929
562.22911
562.42767
562.42806
562.42672
562.42838
562.42836
562.42802
562.42853
562.42812
562.42718
562.42841
562.42705
562.42839
562.58772
562.42848
562.42788
562.58775
562.114626
562.42667
562.58784
562.42675
562.42706
562.42816
562.34085
562.4267
562.4281
562.42818
562.42789
562.4285
562.42703
562.42824
562.42815
562.42801
562.42751
562.42799
562.42739
562.42634
562.42809
562.4275
562.5877
562.42804
562.114631
562.58776
562.428
562.42792
562.42765
562.58785
562.4276
562.42791
562.42834
562.42747
562.58773
562.42716
562.42731
562.42653
562.42794
562.42673
562.42662
562.42803
562.42737
562.42649
562.42709
562.42689
562.42786
562.42813
562.4277
562.42685
562.42658
562.58778
562.42849
562.4282
562.22586
562.6509
562.23617
562.65278
562.145422
562.2277
562.97362
562.19631
562.144247
562.144308
562.23526
562.22545
562.57374
562.96455
562.31451
562.97322
562.64951
562.57412
562.144254
562.42864
562.144251
562.145431
562.14416
562.2296
562.65507
562.31457
562.97089
562.42749
562.96699
562.22728
562.57436
562.65254
562.23727
562.22966
562.96558
562.145416
562.22893
562.20499
562.23548
562.57479
562.144335
562.57495
562.23486
562.97295
562.23783
562.65541
562.28838
562.144274
562.144327
562.96708
562.11463
562.65654
562.23098
562.57501
562.23209
562.144166
562.42773
562.111035
562.57411
562.96828
562.42869
562.144234
562.23567
562.22536
562.22761
562.96711
562.96444
562.42708
562.23217
562.57419
562.23441
562.9729
562.2275
562.96933
562.65738
562.96551
562.57377
562.23569
562.2268
562.23913
562.145421
562.19821
562.23113
562.96626
562.97497
562.144237
562.57491
562.96552
562.22934
562.9672
562.22657
562.144232
562.23662
562.1919
562.22557
562.2314
562.23156
562.96811
562.65124
562.57478
562.23814
562.23758
562.23558
562.57431
562.23883
562.65323
562.96724
562.96598
562.23199
562.22626
562.144246
562.145415
562.97355
562.144216
562.96785
562.65539
562.23805
562.22867
562.97317
562.114672
562.22512
562.144272
562.23402
562.64899
562.144307
562.144195
562.23398
562.97189
562.22735
562.145423
562.64996
562.96739
562.65537
562.144151
562.37108
562.65021
562.23653
562.22595
562.14423
562.144236
562.2301
562.65252
562.65162
562.23459
562.23888
562.97186
562.42807
562.145428
562.23032
562.97096
562.96562
562.96805
562.42829
562.23452
562.57427
562.145075
562.65032
562.23075
562.96874
562.23127
562.65444
562.97379
562.64905
562.23281
562.65419
562.23934
562.42763
562.145058
562.97443
562.9649
562.65632
562.22625
562.2257
562.96653
562.64991
562.97125
562.97321
562.22958
562.97473
562.42764
562.114633
562.97019
562.22907
562.97261
562.65492
562.65296
562.64882
562.96817
562.97481
562.65656
562.23068
562.96893
562.97139
562.6534
562.97423
562.145055
562.23062
562.65755
562.97239
562.31464
562.65385
562.2326
562.22598
562.22656
562.65199
562.65038
562.145006
562.65607
562.23745
562.14508
562.23703
562.96437
562.23406
562.65416
562.145081
562.96677
562.22961
562.23125
562.2253
562.22612
562.5879
562.22969
562.65398
562.5878
562.65544
562.22699
562.65362
562.57403
562.64947
562.96517
562.96762
562.64958
562.22644
562.65422
562.23707
562.9676
562.64934
562.23447
562.65496
562.23794
562.145022
562.22696
562.23748
562.22519
562.23627
562.97467
562.22851
562.23069
562.57366
562.57453
562.97025
562.96986
562.96907
562.65445
562.145043
562.97498
562.97307
562.6562
562.145033
562.97118
562.22962
562.97486
562.23844
562.97396
562.65125
562.23716
562.64834
562.97145
562.96915
562.65464
562.145005
562.97054
562.65258
562.96476
562.65102
562.65247
562.65039
562.23183
562.22846
562.23873
562.22952
562.64942
562.23657
562.22623
562.235
562.96871
562.65756
562.22734
562.97202
562.23349
562.65599
562.96917
562.22749
562.57434
562.97029
562.97424
562.97043
562.65085
562.64997
562.22434
562.65708
562.64968
562.97276
562.22855
562.97057
562.97409
562.57488
562.42637
562.64915
562.65433
562.23159
562.64892
562.97274
562.65587
562.97281
562.23773
562.65072
562.9712
562.9691
562.65273
562.145071
562.22963
562.22843
562.144994
562.65765
562.96822
562.65706
562.9722
562.58629
562.58769
562.58786
562.98727
562.45638
562.98682
562.98405
562.58787
562.58648
562.4559
562.42713
562.56889
562.99686
562.97846
562.7712
562.98745
562.65438
562.65473
562.5863
562.50289
562.58638
562.100119
562.98234
562.56788
562.7639
562.100183
562.58732
562.99417
562.100779
562.98612
562.98618
562.99945
562.57301
562.100878
562.56817
562.56791
562.57468
562.14085
562.57172
562.57258
562.22676
562.144226
562.64963
562.57137
562.99017
562.100362
562.97929
562.22583
562.65497
562.97984
562.57509
562.7771
562.7721
562.145378
562.45604
562.9848
562.135593
562.145822
562.100432
562.2884
562.11557
562.65056
562.7747
562.99308
562.99881
562.99597
562.140895
562.6557
562.7777
562.22551
562.144198
562.144326
562.64852
562.98344
562.7617
562.56885
562.144915
562.98104
562.100612
562.100757
562.99605
562.99494
562.57091
562.22535
562.7578
562.22552
562.7689
562.98545
562.5733
562.100031
562.98766
562.144324
562.100678
562.7669
562.45663
562.64828
562.135587
562.7743
562.98856
562.100768
562.135579
562.100389
562.100385
562.100869
562.144169
562.98626
562.144259
562.22745
562.144252
562.58704
562.144165
562.7767
562.100558
562.100907
562.58729
562.2262
562.1909
562.99201
562.99531
562.98009
562.7692
562.1
562.22751
562.774
562.64923
562.99038
562.57095
562.99948
562.42866
562.98796
562.98507
562.98016
562.3145
562.100359
562.57414
562.98701
562.97933
562.98628
562.7679
562.140848
562.57331
562.98625
562.98914
562.100001
562.64994
562.57271
562.56872
562.65627
562.99632
562.58716
562.144206
562.56855
562.65569
562.140885
562.98292
562.56836
562.98845
562.50276
562.99033
562.144316
562.57492
562.14415
562.98412
562.144928
562.58743
562.100135
562.57129
562.90696
562.65183
562.10084
562.22561
562.7696
562.58751
562.100182
562.140897
562.50239
562.144177
562.65812
562.65795
562.145017
562.100201
562.764
562.144989
562.64885
562.100453
562.98034
562.98157
562.100292
562.97758
562.99099
562.57141
562.99991
562.100229
562.100531
562.98816
562.45627
562.99763
562.65718
562.65193
562.6502
562.100271
562.65505
562.144946
562.100102
562.144968
562.98962
562.10076
562.98941
562.99436
562.9934
562.99212
562.99071
562.100404
562.9845
562.98111
562.98651
562.97973
562.7785
562.100868
562.97977
562.98748
562.99139
562.100697
562.100582
562.99576
562.65174
562.100958
562.144978
562.98864
562.99651
562.10091
562.144948
562.65299
562.98384
562.100846
562.65384
562.100238
562.45617
562.100302
562.98798
562.98791
562.7706
562.100915
562.98884
562.99213
562.100312
562.144959
562.99411
562.100419
562.144991
562.99607
562.22558
562.100511
562.98074
562.99669
562.98789
562.98083
562.100342
562.100576
562.100351
562.97786
562.99557
562.98105
562.7685
562.98268
562.97902
562.98319
562.22675
562.98452
562.9877
562.7682
562.98125
562.99261
562.97913
562.65413
562.22712
562.9853
562.97789
562.64848
562.22492
562.144983
562.97826
562.100847
562.2281
562.98859
562.144958
562.98593
562.100077
562.57308
562.99418
562.57123
562.99677
562.22526
562.100158
562.5715
562.98495
562.98749
562.145047
562.144952
562.100258
562.64838
562.100597
562.100272
562.97767
562.99981
562.99285
562.98947
562.6498
562.99086
562.9785
562.98153
562.99508
562.22563
562.65526
562.99143
562.7789
562.65215
562.98803
562.99657
562.65469
562.9868
562.100913
562.98439
562.65737
562.9895
562.100585
562.100586
562.9912
562.7742
562.98587
562.22517
562.57243
562.98422
562.100465
562.98683
562.100293
562.98448
562.100356
562.6523
562.9999
562.9864
562.98479
562.98652
562.65454
562.65231
562.97845
562.1002
562.65314
562.97894
562.100241
562.7635
562.99029
562.99987
562.145064
562.100796
562.97987
562.144996
562.98844
562.98076
562.7713
562.98308
562.100198
562.98069
562.99198
562.99827
562.7579
562.99775
562.7765
562.100227
562.140838
562.140827
562.140919
562.140847
562.45647
562.140825
562.28565
562.140836
562.42761
562.42819
562.114632
562.4562
562.140837
562.45623
562.140841
562.45591
562.4561
562.140833
562.45655
562.45631
562.140853
562.42775
562.140849
562.45639
562.45644
562.140881
562.140911
562.28563
562.140889
562.58791
562.140871
562.114625
562.140888
562.42817
562.140883
562.140896
562.140964
562.42785
1328433.3
562.140891
562.58771
562.42797
562.42774
562.140886
562.16327
562.28567
562.42808
562.14087
1328434.3
562.42686
562.11349
562.16326
562.42769
562.140884
562.19632
562.22426
562.42811
562.140824
1438685.3
562.140892
562.29139
562.140868
562.140826
562.3328
562.42784
562.30435
562.42766
562.140865
562.28566
562.42768
562.140893
562.140867
562.45657
562.42771
562.140912
562.140864
562.33281
562.140901
562.140869
562.28435
562.140874
562.42782
562.140875
562.45673
562.140876
562.11346
562.34088
562.34089
1438686.3
562.140915
562.140902
562.28434
562.42779
562.11347
562.140904
562.140918
562.140887
562.14089
562.17621
562.140878
562.140872
562.42783
562.29008
562.140882
562.42787
562.140832
562.140905
562.45593
1328432.3
562.140861
562.140858
562.45656
562.45648
562.45642
562.45597
562.45594
562.45587
562.4566
562.58782
562.140857
562.45595
562.45619
562.28389
562.140854
562.140908
562.45608
562.29003
562.140877
562.4567
562.45622
562.45633
562.45676
562.45661
562.45667
562.45614
562.140843
562.14083
562.45653
562.28805
562.140851
562.42762
562.34086
562.45635
562.45592
562.45601
562.45668
562.45646
562.45605
562.140845
562.45634
562.45651
562.45666
562.58789
562.140834
562.140899
562.140914
562.140863
562.45677
562.45658
562.45664
562.140839
562.14084
562.45662
562.1409
562.45596
562.45615
562.140909
562.140913
562.45628
562.45621
562.45643
562.45607
562.456
562.45675
562.14086
562.45611
562.4563
562.140829
562.45649
562.58781
562.45674
562.45669
562.45609
562.4564
562.45629
562.45624
562.42776
562.45659
562.58774
562.45641
562.140859
562.45613
562.45671
562.45599
562.45672
562.45588
562.140846
562.45616
562.58792
562.45602
562.45585
562.140879
562.45632
562.140852
562.140903
562.140906
562.45625
562.45612
562.45636
562.140831
562.140856
562.140842
562.45626
562.45598
562.45645
562.45637
562.87793
562.80368
562.7652
562.7693
562.109859
562.7794
562.7573
562.109862
562.109861
562.7703
562.758
562.111033
562.48349
562.111034
562.7655
562.10986
562.111036
562.7569
562.7698
562.7729
562.7621
562.779
562.145019
562.7719
562.7654
562.7572
562.145072
562.7575
562.145412
562.79122
562.145379
562.7646
562.145003
562.144984
562.144986
562.7618
562.7754
562.14507
562.144988
562.7709
562.145008
562.778
562.7677
562.144979
562.145031
562.7687
562.7686
562.7761
562.144953
562.145039
562.145061
562.7663
562.7665
562.7619
562.766
562.767
562.7583
562.7633
562.144971
562.145037
562.144997
562.7694
562.7622
562.7624
562.145049
562.7781
562.771
562.145401
562.7668
562.145
562.7697
562.7642
562.145437
562.769
562.7776
562.7717
562.145035
562.7723
562.7664
562.7656
562.7702
562.145398
562.145399
562.145393
562.145819
562.145424
562.7755
562.757
562.7793
562.7725
562.7631
562.7778
562.775
562.145396
562.14499
562.145066
562.145441
562.7724
562.145395
562.768
562.7736
562.7641
562.7637
562.145429
562.7763
562.7749
562.14543
562.145817
562.145042
562.145054
562.7634
562.7662
562.145425
562.145023
562.144949
562.144993
562.145026
562.7783
562.7752
562.14541
562.7627
562.7722
562.145384
562.7762
562.145436
562.145443
562.145032
562.7701
562.7667
562.7567
562.145048
562.7708
562.14501
562.14506
562.145051
562.7735
562.144995
562.7769
562.7714
562.14502
562.7726
562.7756
562.7648
562.7688
562.145044
562.145388
562.145001
562.7653
562.7704
562.7733
562.144966
562.7732
562.145062
562.7786
562.144972
562.42655
562.98451
562.45853
562.65784
562.22547
562.65786
562.9801
562.112425
562.22787
562.98362
562.22643
562.98278
562.22543
562.112426
562.22811
562.22793
562.50266
562.50274
562.42872
562.42657
562.50224
562.50302
562.50248
562.50235
562.4585
562.50243
562.50234
562.50277
562.50236
562.50305
562.50295
562.50244
562.50304
562.42823
562.22768
562.42825
562.22481
562.50223
562.115106
562.50233
562.42854
562.45964
562.50257
562.50254
562.42871
562.42833
562.45846
562.50267
562.503
562.17359
562.50225
562.5029
562.42831
562.42851
562.5023
562.22754
562.50298
562.42856
562.50222
562.5026
562.4284
562.42835
562.50286
562.22478
562.50231
562.50256
562.50291
562.42778
562.50259
562.112423
562.42863
562.42846
562.50264
562.50275
562.42821
562.50293
562.98302
562.50246
562.50247
562.50296
562.50261
562.22764
562.50229
562.45916
562.42868
562.98312
562.98454
562.22463
562.22686
562.98351
562.22467
562.22597
562.98248
562.98004
562.22746
562.98228
562.22542
562.9807
562.98434
562.22449
562.22607
562.98246
562.22653
562.22528
562.98358
562.98408
562.98208
562.42858
562.98209
562.98041
562.9847
562.2255
562.22497
562.22444
562.98224
562.98374
562.98395
562.98313
562.9833
562.98409
562.22489
562.98438
562.98256
562.98315
562.98055
562.22639
562.97995
562.98337
562.22759
562.22462
562.98299
562.22721
562.22594
562.22722
562.22581
562.2271
562.98265
562.98047
562.98282
562.22879
562.98259
562.50255
562.115103
562.22872
562.98205
562.2274
562.98369
562.22808
562.22468
562.98039
562.98296
562.98053
562.50301
562.98301
562.22706
562.98018
562.22804
562.98222
562.2272
562.22618
562.22716
562.22606
562.2251
562.98014
562.22515
562.98455
562.22534
562.98286
562.98361
562.99025
562.22691
562.22636
562.98021
562.98231
562.98275
562.98355
562.22681
562.22429
562.98237
562.98204
562.22682
562.100288
562.22736
562.9827
562.22773
562.98062
562.98233
562.22816
562.2282
562.22663
562.98415
562.22742
562.2267
562.98429
562.98001
562.98253
562.22794
562.225
562.100003
562.2278
562.22447
562.983
562.98444
562.2245
562.22757
562.97941
562.98359
562.98446
562.22659
562.98336
562.9798
562.97998
562.2269
562.98332
562.22502
562.22603
562.65785
562.9835
562.22452
562.22774
562.97983
562.98445
562.98373
562.98477
562.2379
562.98353
562.22697
562.98441
562.98036
562.22638
562.98279
562.22474
562.98433
562.98417
562.98245
562.98252
562.2252
562.22709
562.98381
562.98266
562.5922
562.59222
562.59223
562.59219
562.59227
562.59226
562.59225
562.59224
562.59221
562.59218
562.59228
562.59217
562.59229
562.135583
562.144934
562.14493
562.135568
562.135565
562.144919
562.144931
562.144921
562.135591
562.135581
562.13556
562.144914
562.135575
562.144912
562.144943
562.144911
562.135584
562.144938
562.135573
562.13557
562.135588
562.135576
562.144925
562.135571
562.14492
562.13558
562.135586
562.135589
562.144922
562.144924
562.144937
562.145372
562.135585
562.144935
562.144918
562.135563
562.135561
562.135562
562.135559
562.144942
562.145373
562.144923
562.144939
562.144916
562.135594
562.144932
562.135578
562.135574
562.144927
562.135592
562.14494
562.144936
562.144926
562.135582
562.135577
562.144917
562.135572
562.144929
562.135569
562.135564
562.13559
562.144913
562.144941
562.144933
562.135567
562.60286
562.87791
562.90695
562.80366
562.85837
562.22731
562.22683
562.22569
562.22771
562.22826
562.22824
562.22435
562.22876
562.22441
562.22472
562.22684
562.22741
562.22792
562.22587
562.22729
562.22579
562.22782
562.22679
562.22737
562.22443
562.22455
562.22521
562.22527
562.22797
562.22795
562.22562
562.22632
562.22555
562.22819
562.22823
562.2258
562.22805
562.22589
562.22548
562.22677
562.22634
562.22458
562.22693
562.2265
562.22796
562.22466
562.22622
562.22592
562.22628
562.22784
562.228
562.22685
562.22785
562.22601
562.22609
562.22765
562.22507
562.22814
562.22646
562.22469
562.22582
562.23791
562.22758
562.22564
562.22484
562.22678
562.22486
562.22755
562.22714
562.22465
562.22546
562.2263
562.22695
562.22806
562.22815
562.2246
562.22454
562.22707
562.22654
562.22487
562.2276
562.22778
562.22688
562.22642
562.22718
562.22711
562.2247
562.22747
562.22476
562.22713
562.22753
562.2254
562.22724
562.22544
562.22807
562.22514
562.22496
562.22428
562.22633
562.22445
562.22554
562.22493
562.22647
562.22752
562.2244
562.22614
562.22505
562.22522
562.23792
562.22822
562.22635
562.22743
562.22529
562.22479
562.22661
562.22708
562.22432
562.22596
562.22802
562.22501
562.12962
562.22763
562.22488
562.227
562.22733
562.22667
562.22732
562.22471
562.2273
562.22506
562.22725
562.22571
562.22799
562.22494
562.22437
562.22567
562.22777
562.22576
562.22608
562.22605
562.22629
562.22641
562.22715
562.22776
562.22673
562.22658
562.22556
562.22723
562.22604
562.22631
562.22689
562.22719
562.22602
562.22738
562.22772
562.22511
562.22438
562.22873
562.2261
562.22767
562.22645
562.22791
562.22766
562.17733
562.2243
562.22613
562.22877
562.2266
562.22705
562.2249
562.22549
562.22524
562.22674
562.22779
562.22817
562.22498
562.22762
562.2259
562.22565
562.22538
562.22617
562.22577
562.22508
562.22585
562.22448
562.22578
562.22482
562.22651
562.22786
562.22513
562.22769
562.22704
562.22532
562.22621
562.22504
562.22788
562.22827
562.22789
562.22874
562.22495
562.22485
562.22473
562.22593
562.226
562.23867
562.22525
562.2279
562.22574
562.22878
562.22825
562.22459
562.22516
562.22649
562.22439
562.23866
562.22812
562.22627
562.22687
562.22591
562.22477
562.22703
562.2248
562.22672
562.23854
562.22446
562.22624
562.22619
562.22599
562.22671
562.22775
562.22615
562.22568
562.22509
562.22744
562.22451
562.22652
562.22801
562.22533
562.22803
562.22566
562.22698
562.2264
562.22781
562.22559
562.22573
562.58635
562.58643
562.58631
562.91162
562.42723
562.50258
562.50241
562.42694
562.42837
562.45848
562.28846
562.50287
562.42738
562.45851
562.50278
562.50262
562.4271
562.3146
562.42772
562.16466
562.50251
562.50268
562.5025
562.42729
562.58626
562.4273
562.427
562.50292
562.58649
562.42732
562.1762
562.50238
562.42722
562.50272
562.50245
562.50299
562.31458
562.50279
562.50249
562.42717
562.42735
562.42688
562.42733
562.58632
562.28839
562.50263
562.50269
562.42715
562.42852
562.42664
562.42728
562.50283
562.50297
562.28844
562.5864
562.42844
562.5865
562.58623
562.58636
562.37111
562.42691
562.58621
562.31454
562.4269
562.140898
562.52722
562.31459
562.58645
562.58642
562.28841
562.58637
562.31463
562.31462
562.58641
562.58646
562.31465
562.58647
562.37109
562.37106
562.42752
562.58651
562.53932
562.58644
562.58628
562.42692
562.65793
562.58622
562.65802
562.58624
562.42756
562.65794
562.658
562.42702
562.42668
562.65813
1328443.3
562.65808
562.65817
562.42641
562.42707
562.58625
562.42687
562.115108
562.42826
562.42659
562.4591
562.65811
562.4287
1328437.3
562.42711
562.65809
1328445.3
562.58627
562.65816
562.65815
562.65798
562.65819
562.65814
562.65801
562.6581
562.58633
562.42652
562.4265
562.65796
562.42734
562.42781
562.5024
1328441.3
562.65804
562.65806
562.42643
562.65803
562.42695
562.45394
562.115102
562.42678
562.65818
562.144964
562.145059
562.145016
562.7766
562.42721
562.144944
562.7699
562.65782
562.65787
562.42681
562.144954
562.50237
562.42746
562.42745
562.145067
562.77
562.145021
562.50282
562.145041
562.7577
562.7707
562.7581
562.14498
562.145074
562.145045
562.14505
562.144951
562.7649
562.7691
562.776
562.145038
562.145002
562.99274
562.99254
562.144203
562.144159
562.14418
562.144179
562.99466
562.144293
562.144192
562.14422
562.99497
562.99381
562.144258
562.144309
562.99406
562.144154
562.99328
562.99264
562.144266
562.100638
562.144267
562.100208
562.99371
562.144245
562.144152
562.99336
562.14421
562.144271
562.144208
562.1003
562.144275
562.144176
562.144313
562.98805
562.98401
562.99422
562.144184
562.144207
562.144229
562.23743
562.99355
562.14427
562.144197
562.9976
562.98165
562.99321
562.99472
562.144201
562.98807
562.99352
562.144334
562.994
562.97221
562.144153
562.14428
562.144261
562.144276
562.144312
562.14417
562.98267
562.144264
562.99378
562.144317
562.99463
562.99968
562.144262
562.100132
562.144189
562.42857
562.65799
562.96953
562.57277
562.56773
562.96937
562.97238
562.99729
562.96756
562.57394
562.9678
562.98717
562.144248
562.5684
562.57409
562.96664
562.56861
562.57489
562.96783
562.57168
562.144168
562.100427
562.57504
562.23507
562.57507
562.100601
562.2333
562.99383
562.57469
562.57437
562.57452
562.98483
562.57485
562.99464
562.9694
562.144294
562.96453
562.56874
562.56915
562.96878
562.57439
562.144227
562.100278
562.23047
562.57432
562.14425
562.57462
562.57294
562.97499
562.5688
562.97166
562.56909
562.57396
562.57295
562.100671
562.96484
562.56911
562.23311
562.58719
562.96658
562.97458
562.99633
562.238
562.99958
562.23894
562.967
562.96496
562.96761
562.56873
562.56876
562.57086
562.144331
562.100018
562.56898
562.57429
562.57085
562.96701
562.23131
562.144296
562.5874
562.23895
562.96703
562.56796
562.57265
562.100497
562.10013
562.56888
562.57457
562.57241
562.5872
562.96943
562.96555
562.57505
562.56815
562.56891
562.99834
562.56778
562.56765
562.56805
562.56826
562.56843
562.96938
562.65797
562.96872
562.100775
562.57484
562.57225
562.57459
562.56865
562.9648
562.23804
562.97226
562.57288
562.57364
562.57257
562.144265
562.23769
562.97466
562.56847
562.23615
562.144291
562.144249
562.100935
562.57284
562.56869
562.99126
562.96882
562.57402
562.23369
562.96786
562.5713
562.14431
562.97477
562.56906
562.57279
562.23338
562.56787
562.144289
562.56842
562.100703
562.57424
562.97459
562.96925
562.96492
562.97464
562.57506
562.96684
562.57376
562.98107
562.58742
562.9928
562.98656
562.99304
562.10045
562.99315
562.23307
562.100848
562.100523
562.99507
562.97059
562.96719
562.57194
562.2393
562.23864
562.96734
562.10001
562.99005
562.23154
562.98214
562.96543
562.9843
562.22993
562.100837
562.99816
562.99176
562.23029
562.98175
562.100184
562.99953
562.96731
562.23102
562.23659
562.98549
562.23871
562.234
562.100906
562.100759
562.145025
562.23728
562.96863
562.23818
562.99993
562.99416
562.100281
562.98657
562.98747
562.97437
562.99926
562.23142
562.96545
562.100623
562.96497
562.99683
562.98241
562.23614
562.98258
562.96794
562.98965
562.23394
562.96613
562.98725
562.966
562.99955
562.100004
562.23427
562.96976
562.9797
562.23538
562.23004
562.100377
562.100433
562.23429
562.99022
562.96928
562.99622
562.98863
562.99046
562.99639
562.23591
562.98616
562.57305
562.98023
562.100717
562.96799
562.99917
562.9659
562.97178
562.99874
562.2328
562.2372
562.145076
562.97488
562.96741
562.993
562.99626
562.96816
562.98303
562.23253
562.98901
562.23149
562.9735
562.97433
562.57101
562.96546
562.97501
562.23095
562.23339
562.99698
562.98655
562.96698
562.100507
562.99324
562.100953
562.98437
562.23738
562.57326
562.23211
562.100954
562.98558
562.99327
562.98769
562.144947
562.9867
562.100025
562.23065
562.23418
562.9876
562.100069
562.100645
562.98649
562.23674
562.100343
562.100707
562.96969
562.98277
562.99493
562.97051
562.57222
562.100052
562.96883
562.100311
562.23446
562.9972
562.99781
562.99556
562.100685
562.23687
562.99818
562.98505
562.98958
562.23155
562.99797
562.97206
562.98217
562.13502
562.58634
562.144287
562.42671
562.42651
562.144243
562.42693
562.42638
562.4274
562.56913
562.56899
562.56832
562.56907
562.56768
562.145403
562.56797
562.56903
562.56921
562.56857
562.56848
562.56897
562.56884
562.56862
562.56828
562.56908
562.56824
562.56774
562.56835
562.144213
562.56794
562.56858
562.56839
562.14539
562.56779
562.56819
562.56854
562.145386
562.56811
562.144257
562.5686
562.56859
562.145418
562.56914
562.56802
562.42654
562.56776
562.144302
562.144283
562.145408
562.145394
562.5691
562.144297
562.144164
562.144306
562.144253
562.145406
562.144295
562.56831
562.56763
562.144187
562.5682
562.56782
562.5692
562.14542
562.145385
562.56844
562.56902
562.56852
562.56807
562.144211
562.56892
562.145397
562.144315
562.56816
562.56879
562.56821
562.56916
562.144255
562.56895
562.56893
562.144332
562.56849
562.56883
562.42859
562.56917
562.56766
562.56814
562.56792
562.56922
562.56793
562.56825
562.144186
562.42684
562.56905
562.56863
562.144218
562.56918
562.145433
562.5676
562.42701
562.56761
562.56769
562.5679
562.144219
562.144273
562.42679
562.145402
562.56856
562.5677
562.56877
562.56867
562.14424
562.144225
562.56818
562.48346
562.42743
562.144223
562.14544
562.145442
562.14497
562.144963
562.42719
562.145434
562.144281
562.1443
562.42636
562.144155
562.42725
562.145078
562.145018
562.144268
562.1442
562.144228
562.144981
562.144171
562.145024
562.4272
562.144241
562.144163
562.144969
562.42704
562.144975
562.145046
562.144321
562.42663
562.42699
562.144967
562.14582
562.145821
562.145068
562.14495
562.144329
562.42697
562.145009
562.14426
562.144212
562.144157
562.144328
562.144214
562.144244
562.144304
562.144286
562.14432
562.144318
562.144205
562.144178
562.144167
562.144311
562.144188
562.144319
562.144263
562.144314
562.144299
562.14419
562.144221
562.144209
562.144333
562.144298
562.144325
562.14433
562.144224
562.144162
562.144235
562.144173
562.144256
562.144158
562.144233
562.144199
562.144269
562.144194
562.144303
562.144191
562.144202
562.144175
562.144174
562.144172
562.144238
562.144193
562.144217
562.144183
562.144156
562.144215
562.144242
562.144301
562.145439
562.144278
562.28132
562.96898
562.99403
562.992
562.97165
562.96445
562.97243
562.97808
562.23458
562.97259
562.96419
562.97171
562.57381
562.97298
562.97177
562.97463
562.97308
562.57446
562.96457
562.96909
562.97172
562.96428
562.57447
562.23294
562.57363
562.97164
562.97225
562.96432
562.99946
562.97305
562.57466
562.57482
562.97173
562.99471
562.97227
562.97927
562.99351
562.99499
562.99379
562.57373
562.57415
562.97299
562.97492
562.5749
562.96418
562.99681
562.99871
562.99913
562.97291
562.23618
562.23874
562.97277
562.99701
562.96443
562.23295
562.5741
562.97302
562.97303
562.96901
562.23737
562.97482
562.99228
562.57502
562.57499
562.98861
562.98379
562.96427
562.97229
562.23272
562.57458
562.97175
562.96424
562.973
562.96931
562.57392
562.96857
562.42648
562.96433
562.57473
562.96429
562.100793
562.96446
562.57422
562.100749
562.100861
562.97294
562.96935
562.97265
562.97231
562.57486
562.97174
562.97161
562.97474
562.96425
562.9717
562.9725
562.97228
562.97273
562.96441
562.99882
562.97224
562.97304
562.23884
562.23821
562.99479
562.96952
562.100569
562.97309
562.97306
562.9723
562.99727
562.23646
562.99426
562.96459
562.97222
562.99272
562.97301
562.100751
562.57205
562.23899
562.57455
562.97769
562.57096
562.57197
562.57372
562.58737
562.23623
562.97253
562.57443
562.10016
562.98561
562.57383
562.56785
562.57261
562.57416
562.57496
562.58738
562.23356
562.96847
562.57441
562.5748
562.57131
562.23501
562.23494
562.23403
562.23428
562.57235
562.5737
562.96518
562.57465
562.100549
562.5746
562.96666
562.5712
562.57252
562.2385
562.97103
562.96975
562.57081
562.96553
562.96788
562.57248
562.96561
562.56829
562.57368
562.100592
562.42696
562.97245
562.57285
562.56904
562.99037
562.56798
562.23286
562.97271
562.96784
562.96559
562.57433
562.99122
562.56762
562.57306
562.56841
562.96787
562.57365
562.5728
562.57426
562.100632
562.57321
562.57084
562.97108
562.99724
562.97105
562.98931
562.56823
562.57367
562.57421
562.57408
562.9997
562.100961
562.98372
562.57406
562.23488
562.5708
562.99795
562.96853
562.96932
562.56868
562.5747
562.23091
562.100738
562.99207
562.144998
562.98577
562.98847
562.99189
562.99865
562.57216
562.23872
562.7744
562.9846
562.98946
562.97782
562.98753
562.99863
562.23484
562.99521
562.98149
562.22831
562.96617
562.97449
562.23134
562.99855
562.100502
562.100153
562.99238
562.100067
562.100172
562.98321
562.100552
562.57319
562.23009
562.9781
562.99415
562.23233
562.98026
562.97958
562.23201
562.99323
562.22895
562.98591
562.23392
562.100408
562.9952
562.98765
562.99273
562.100444
562.23666
562.100644
562.100425
562.57318
562.98664
562.98195
562.23858
562.23335
562.100013
562.23443
562.98883
562.22954
562.97775
562.97804
562.100833
562.100232
562.100394
562.98774
562.98124
562.100169
562.97472
562.96737
562.100166
562.97796
562.96548
562.10027
562.96478
562.100333
562.98008
562.100256
562.99503
562.96827
562.100291
562.97342
562.98999
562.98102
562.7738
562.96754
562.100748
562.100843
562.57217
562.97982
562.23683
562.99606
562.100144
562.96632
562.100766
562.10056
562.100078
562.98274
562.9977
562.99533
562.9975
562.99332
562.23648
562.96894
562.23011
562.23056
562.98218
562.99326
562.97357
562.96577
562.100548
562.99158
562.100912
562.99559
562.97936
562.99936
562.10025
562.97505
562.23368
562.23709
562.99591
562.97375
562.99388
562.98114
562.100211
562.22918
562.100872
562.98329
562.23708
562.99163
562.99412
562.97921
562.100951
562.100136
562.100589
562.100034
562.96582
562.23669
562.23271
562.100326
562.145426
562.145392
562.145391
562.145409
1045010.62
562.1454
562.145404
1045010.61
562.145383
562.145381
562.48348
562.145389
562.145411
562.145417
562.145405
562.145413
562.145414
562.145435
562.145419
562.48345
562.145427
562.145407
562.145387
562.145816
1045010.64
562.145432
562.145818
562.14538
1045010.63
562.145812
562.1908
562.42741
562.19078
562.42724
562.4264
562.19081
562.42683
562.45847
562.42736
562.31466
562.45845
562.50252
562.50242
562.19637
562.42726
562.50228
562.19082
562.7576
562.145029
562.7705
562.7718
562.7566
562.145052
562.7659
562.145028
562.7638
562.145077
562.42758
562.145063
562.144977
562.145073
562.7741
562.145065
562.144965
562.144987
562.145007
562.773
562.7645
562.144956
562.99263
562.98235
562.99306
562.99434
562.99343
562.98857
562.99457
562.99004
562.99258
562.57378
562.57229
562.57493
562.574
562.23189
562.57187
562.23076
562.23144
562.2309
562.57456
562.9862
562.99085
562.57388
562.100554
562.99931
562.57428
562.57497
562.23535
562.10051
562.57262
562.100044
562.23433
562.57278
562.57472
562.57219
562.23629
562.57076
562.57404
562.100547
562.57199
562.23451
562.57398
562.100335
562.57082
562.98832
562.5709
562.97802
562.23226
562.57481
562.57094
562.57435
562.57234
562.99525
562.57384
562.99842
562.99492
562.100192
562.57451
562.99171
562.57159
562.2341
562.99435
562.23928
562.99849
562.99048
562.100116
562.57078
562.23172
562.57418
562.23284
562.57387
562.99631
562.99862
562.57287
562.5738
562.23306
562.100023
562.57483
562.57474
562.23263
562.115073
562.98893
562.23416
562.23816
562.57218
562.57391
562.237
562.100475
562.23387
562.23195
562.99084
562.57124
562.23655
562.23048
562.100263
562.100196
562.57077
562.57405
562.100061
562.57454
562.57196
562.57386
562.23023
562.98826
562.985
562.100063
562.57207
562.98698
562.23101
562.9917
562.99444
562.22942
562.99792
562.99362
562.99024
562.23178
562.23532
562.22914
562.99101
562.23875
562.98831
562.57209
562.9786
562.100483
562.97781
562.99437
562.22929
562.98641
562.100231
562.100036
562.99664
562.23448
562.100478
562.9856
562.99236
562.98821
562.100222
562.23353
562.22863
562.23254
562.100593
562.23473
562.99702
562.98524
562.22841
562.99582
562.99939
562.98871
562.98713
562.2365
562.100268
562.9927
562.99708
562.99894
562.99102
562.10029
562.57329
562.57128
562.99072
562.99346
562.99555
562.23793
562.23491
562.99446
562.23018
562.997
562.99788
562.10002
562.99125
562.99063
562.97783
562.98763
562.100489
562.2298
562.23187
562.98461
562.100103
562.9874
562.99425
562.97813
562.23598
562.99824
562.99719
562.98918
562.23117
562.99578
562.98349
562.99202
562.98838
562.99361
562.9966
562.99898
562.23718
562.9819
562.99734
562.9906
562.100319
562.23283
562.100495
562.9811
562.99302
562.97837
562.98614
562.98634
562.98984
562.99409
562.57163
562.100452
562.98968
562.23586
562.9822
562.100349
562.100148
562.97835
562.99952
562.100423
562.98957
562.100234
562.97811
562.23381
562.99846
562.100364
562.23057
562.99244
562.23438
562.23013
562.99947
562.98987
562.98557
562.98269
562.9873
562.98783
562.57178
562.57311
562.57442
562.57448
562.57254
562.57083
562.57323
562.57467
562.5742
562.57299
562.57256
562.57283
562.57275
562.57461
562.57221
562.57293
562.57303
562.57463
562.57385
562.57118
562.57445
562.57183
562.57087
562.5743
562.57253
562.57255
562.57266
562.57476
562.57289
562.57315
562.57508
562.57317
562.57249
562.5744
562.57276
562.57238
562.57198
562.5725
562.57274
562.57291
562.57393
562.5739
562.57494
562.57089
562.57417
562.57322
562.57224
562.57179
562.57444
562.5726
562.57292
562.5745
562.57173
562.5727
562.5751
562.57079
562.57423
562.57369
562.57184
562.57166
562.57298
562.57282
562.57413
562.57503
562.57382
562.57397
562.57088
562.57487
562.57375
562.57208
562.57399
562.57268
562.57164
562.57195
562.57093
562.57251
562.57142
562.5722
562.57226
562.57092
562.57105
562.57104
562.57112
562.57167
562.57139
562.57316
562.57182
562.57192
562.5721
562.57244
562.5731
562.57122
562.57158
562.57132
562.57302
562.57138
562.5724
562.57111
562.5717
562.57102
562.57148
562.57098
562.57231
562.57147
562.57213
562.57134
562.57227
562.57116
562.57161
562.57109
562.57097
562.57304
562.5719
562.57309
562.57171
562.57242
562.57143
562.57212
562.57176
562.57114
562.57188
562.57215
562.57115
562.57237
562.57117
562.57155
562.57223
562.57157
562.57127
562.57106
562.57246
562.57325
562.57211
562.57145
562.57156
562.57146
562.57202
562.57232
562.57125
562.57314
562.57144
562.573
562.57239
562.57203
562.57228
562.57135
562.57327
562.57245
562.57162
562.57191
562.57174
562.57189
562.57126
562.57328
562.572
562.57151
562.57233
562.57186
562.57136
562.57107
562.57169
562.5732
562.57103
562.57312
562.57324
562.571
562.57099
562.5711
562.57236
562.57307
562.57121
562.5718
562.57185
562.57152
562.5714
562.5723
562.5716
562.57193
562.57154
562.57214
562.57175
562.57149
562.57297
562.57313
562.57165
562.57108
562.57206
562.58712
562.65791
562.65788
562.7683
562.65805
562.58728
562.45395
562.7782
562.65783
562.58724
562.58709
562.58735
562.58726
562.58731
562.58733
562.6578
562.58705
562.45399
562.112391
562.58739
562.58736
562.65781
562.145012
562.7571
562.14496
562.144961
562.145014
562.145069
562.144955
562.7684
562.144999
562.144982
562.58703
562.31452
562.58717
562.7661
562.145056
562.145057
562.28845
562.7623
562.7657
562.145015
562.7734
562.772
562.7731
562.145013
562.7644
562.7788
562.7728
562.31449
562.100395
562.100151
562.100829
562.9675
562.57395
562.100541
562.99904
562.23024
562.98348
562.96753
562.100396
562.96746
562.9713
562.100467
562.9925
562.99866
562.100074
562.100661
562.100524
562.100831
562.2358
562.98511
562.100747
562.97131
562.99856
562.100679
562.96426
562.99693
562.99601
562.99684
562.9644
562.99469
562.100512
562.100492
562.99746
562.10065
562.99743
562.57477
562.99642
562.100418
562.23171
562.96747
562.100614
562.100147
562.100442
562.96436
562.100963
562.99183
562.100917
562.98995
562.23926
562.99135
562.100729
562.10088
562.100414
562.100354
562.100784
562.100161
562.9829
562.100788
562.100352
562.97135
562.100811
562.96813
562.97506
562.9654
562.56851
562.99091
562.97349
562.96519
562.10064
562.65807
562.57471
562.97328
562.9978
562.99985
562.99169
562.99714
562.99673
562.97502
562.99859
562.96835
562.96603
562.100476
562.98715
562.23348
562.96554
562.96862
562.99144
562.98839
562.99542
562.97097
562.96905
562.5687
562.97093
562.100555
562.99345
562.97067
562.99742
562.23129
562.96602
562.96549
562.98352
562.97508
562.98183
562.9946
562.96624
562.9671
562.100526
562.96796
562.100855
562.23396
562.99841
562.23721
562.4278
562.100838
562.100863
562.57119
562.97316
562.96738
562.96906
562.98782
562.96663
562.96521
562.99839
562.96489
562.98522
562.98848
562.144973
562.98317
562.98697
562.100058
562.57153
562.98484
562.100527
562.97205
562.100798
562.99098
562.23268
562.100698
562.100866
562.100658
562.97865
562.98919
562.23315
562.99696
562.99147
562.100106
562.98287
562.99119
562.100895
562.97015
562.98691
562.100337
562.97838
562.98981
562.98913
562.22828
562.97876
562.58757
562.97319
562.23274
562.9885
562.23863
562.98973
562.100219
562.100813
562.97371
562.23005
562.23518
562.96926
562.100498
562.23
562.96751
562.98191
562.100705
562.98696
562.96714
562.97038
562.100216
562.100956
562.100015
562.97197
562.9692
562.96564
562.100814
562.96841
562.97868
562.100261
562.97009
562.100522
562.23808
562.99089
562.98562
562.100818
562.98638
562.99467
562.99316
562.23568
562.100431
562.97855
562.96689
562.98158
562.97326
562.98467
562.23665
562.99528
562.97918
562.10017
562.9788
562.98428
562.100581
562.99515
562.97469
562.98991
562.100387
562.97194
562.98711
562.9792
562.98232
562.98155
562.23803
562.23374
562.23809
562.99146
562.99296
562.22829
562.100203
562.99854
562.97402
562.9985
562.23366
562.97414
562.98515
562.58721
562.58725
562.58714
562.58715
562.58707
562.58708
562.58727
562.58723
562.5871
562.58718
562.58713
562.58734
562.58706
562.5873
562.19079
562.58711
562.58722
562.56783
562.56784
562.56864
562.56789
562.56846
562.56777
562.56786
562.56775
562.56871
562.56764
562.56795
562.56881
562.56772
562.56822
562.56801
562.569
562.56875
562.5681
562.56838
562.568
562.56878
562.5678
562.56896
562.56813
562.5683
562.56882
562.56803
562.56806
562.56812
562.56887
562.56853
562.56767
562.56919
562.56834
562.56837
562.56827
562.5689
562.5685
562.56771
562.56845
562.56808
562.56833
562.56912
562.56781
562.56809
562.56886
562.56894
562.56901
562.56804
562.56866
562.4286
562.65789
562.42847
1438670.3
1438668.3
1438672.3
1445862.3
1400157.3
1400156.3
562.144292
562.144288
562.144322
562.14429
562.144282
562.144284
562.5027
562.42676
562.42656
562.50227
562.50284
562.145004
562.145053
562.145011
562.144985
562.145079
562.144992
562.144974
562.144976
562.144962
562.145027
562.144957
562.14504
562.144945
562.14503
562.145036
562.145034
562.45403
562.45398
562.99973
562.99735
562.99452
562.23434
562.99289
562.23405
562.99405
562.99311
562.99287
562.96583
562.99243
562.9926
562.99265
562.23466
562.99454
562.99448
562.9931
562.23697
562.99427
562.99245
562.22984
562.23355
562.99429
562.99268
562.99465
562.99259
562.9974
562.98346
562.99239
562.99271
562.99456
562.99983
562.98835
562.99447
562.99298
562.100081
562.99414
562.9943
562.99281
562.99459
562.99455
562.98674
562.9968
562.99995
562.23351
562.99498
562.99292
562.99291
562.99442
562.99284
562.99279
562.99438
562.9979
562.99538
562.100421
562.23397
562.99445
562.99433
562.99256
562.99209
562.99458
562.99769
562.23158
562.99293
562.98492
562.9929
562.99419
562.97776
562.99449
562.99307
562.99267
562.99453
562.100269
562.99305
562.99286
562.99441
562.99439
562.99266
562.99277
562.99276
562.100609
562.99023
562.96442
562.58765
562.23305
562.96481
562.99237
562.96657
562.99707
562.100871
562.100715
562.22923
562.100209
562.96456
562.23231
562.23478
562.99927
562.100886
562.23393
562.99772
562.575
562.99501
562.1001
562.57296
562.10068
562.57247
562.57438
562.96983
562.100686
562.100143
562.23389
562.96706
562.9721
562.97123
562.2376
562.23431
562.99008
562.2324
562.100929
562.23593
562.10036
562.98611
562.57389
562.22892
562.96713
562.13671
562.97392
562.96482
562.98176
562.98049
562.2354
562.98681
562.96884
562.99628
562.98637
562.97022
562.98925
562.9686
562.98471
562.23323
562.99123
562.97448
562.23304
562.99309
562.23833
562.96633
562.98567
562.97116
562.98928
562.9866
562.100134
562.99363
562.98092
562.96534
562.99546
562.98427
562.97851
562.96674
562.96717
562.98285
562.97981
562.9701
562.100739
562.99933
562.100093
562.100519
562.99041
562.99167
562.100812
562.98963
562.100533
562.98341
562.23908
562.22976
562.22916
562.9736
562.98323
562.98432
562.23837
562.97358
562.99688
562.99567
562.100816
562.100706
562.96919
562.99692
562.100908
562.99093
562.98768
562.23522
562.9724
562.58759
562.98772
562.96832
562.9899
562.96687
562.23495
562.97404
562.100734
562.9938
562.100931
562.99032
562.100055
562.99275
562.98371
562.9716
562.97978
562.96877
562.96618
562.98342
562.98983
562.99867
562.100673
562.96824
562.23631
562.97254
562.23027
562.22891
562.100595
562.98144
562.100313
562.23644
562.100625
562.97006
562.23621
562.100772
562.99518
562.97403
562.100893
562.7584
562.100376
562.112424
562.2347
562.23906
562.2335
562.22896
562.23483
562.23555
562.22848
562.23487
562.23828
562.23497
562.23321
562.23111
562.23935
562.2357
562.2308
562.23664
562.2319
562.23409
562.23797
562.23668
562.50273
562.23853
562.22866
562.23701
562.229
562.22903
562.22998
562.23795
562.23582
562.56799
562.23432
562.22852
562.2371
562.23055
562.22899
562.23602
562.23362
562.22936
562.2352
562.23678
562.23216
562.2332
562.23147
562.23182
562.22884
562.23474
562.23078
562.23379
562.23042
562.2363
562.2349
562.2302
562.22849
562.23641
562.22932
562.23214
562.23036
562.23384
562.22837
562.23752
562.23192
562.23132
562.23733
562.23918
562.23869
562.23223
562.23238
562.23902
562.42744
562.50226
562.42644
562.42712
562.42698
562.42682
562.42754
562.42757
562.42669
562.42674
1328442.3
1328439.3
562.98334
562.144285
1328438.3
1328440.3
1328446.3
1328444.3
562.9954
562.97363
562.98775
562.99872
562.100946
562.97962
562.99721
562.999
562.96568
562.100084
562.99526
562.100822
562.9836
562.98653
562.100372
562.99193
562.97831
562.99982
562.97147
562.98755
562.100634
562.99514
562.100486
562.7773
562.100587
562.9698
562.97986
562.100619
562.100235
562.100314
562.100179
562.100399
562.99382
562.9949
562.100849
562.98391
562.96604
562.98992
562.97454
562.99965
562.99554
562.96647
562.97373
562.96547
562.100066
562.98333
562.100801
562.9959
562.100957
562.98159
562.99484
562.97159
562.100038
562.97419
562.100666
562.98754
562.96594
562.100228
562.9813
562.9823
562.100544
562.96596
562.100279
562.100865
562.99066
562.100583
562.99257
562.98239
562.99716
562.98916
562.98096
562.97078
562.98108
562.98978
562.100551
562.9907
562.99009
562.100602
562.9684
562.96887
562.98058
562.100259
562.10063
562.97023
562.97394
562.99814
562.100588
562.98152
562.7792
562.99756
562.9881
562.100469
562.9744
562.98283
562.96815
562.100275
562.100916
562.98597
562.98575
562.98459
562.98462
562.9897
562.98907
562.98521
562.37112
562.98542
562.98387
562.98357
562.98825
562.98525
562.42759
562.45396
562.98659
562.98324
562.98943
562.98854
562.98684
562.98892
562.98819
562.98526
562.98383
562.100305
562.98504
562.98952
562.99978
562.98669
562.98792
562.98773
562.98932
562.98743
562.984
562.99006
562.9872
562.98574
562.98406
562.99732
562.9837
562.98989
562.98921
562.9893
562.98746
562.98761
562.98513
562.98785
562.98801
562.98837
562.100607
562.98378
562.98382
562.98589
562.98399
562.98923
562.98878
562.98936
562.98762
562.98675
562.9869
562.9896
562.98997
562.988
562.98661
562.98414
562.98886
562.9849
562.99012
562.99989
562.98552
562.98538
562.99019
562.98366
562.9824
562.98802
562.98686
562.98606
562.98908
562.99003
562.9821
562.98986
562.99014
562.9826
562.98702
562.98977
562.98356
562.98982
562.99011
562.98895
562.9865
562.98757
562.98736
562.98276
562.98621
562.98752
562.98517
562.98586
562.9844
562.98868
562.9841
562.98485
562.98523
562.98203
562.98619
562.98327
562.98468
562.98633
562.98786
562.98263
562.98712
562.98385
562.9859
562.98867
562.98572
562.100301
562.98293
562.9884
562.98288
562.98546
562.98465
562.98539
562.9831
562.98388
562.98688
562.98903
562.98262
562.98777
562.98953
562.98998
562.98776
562.98411
562.50253
562.42727
562.7671
562.7636
562.7672
562.7772
562.765
562.7666
562.7582
562.98223
562.22972
562.23094
562.22847
562.23099
562.100804
562.23435
562.23425
562.99155
562.100344
562.99473
562.99132
562.10047
562.23093
562.23454
562.23116
562.99513
562.100233
562.100417
562.23932
562.22933
562.100129
562.99197
562.99474
562.23806
562.100006
562.996
562.2286
562.23799
562.9956
562.100122
562.98588
562.23106
562.100375
562.99833
562.99187
562.23145
562.2311
562.23523
562.23092
562.100613
562.99928
562.98731
562.100817
562.100218
562.100723
562.99565
562.23104
562.23594
562.23139
562.9732
562.2284
562.98514
562.96781
562.998
562.100603
562.100875
562.100752
562.99451
562.42647
562.100062
562.99353
562.10005
562.99703
562.96812
562.100244
562.97191
562.97514
562.23079
562.23391
562.9751
562.23925
562.96804
562.23089
562.97181
562.98827
562.99232
562.100361
562.97509
562.100683
562.100562
562.23096
562.9718
562.9942
562.99247
562.98979
562.98219
562.96934
562.9685
562.97503
562.96447
562.23343
562.99194
562.9679
562.96792
562.23385
562.23691
562.100109
562.23503
562.22983
562.100857
562.978
562.981
562.100336
562.97757
562.98177
562.99054
562.97001
562.96892
562.98714
562.97948
562.99134
562.100561
562.97878
562.99016
562.97438
562.99773
562.97795
562.97943
562.98676
562.10073
562.100712
562.97263
562.23645
562.96499
562.96942
562.97354
562.99104
562.96495
562.9668
562.99581
562.96807
562.96963
562.23882
562.99767
562.100955
562.2342
562.99747
562.96823
562.22964
562.98494
562.96973
562.98862
562.98929
562.100463
562.23825
562.99111
562.9986
562.97366
562.23015
562.23868
562.98163
562.10024
562.9932
562.98145
562.99184
562.23564
562.98912
562.2331
562.100064
562.99522
562.2322
562.22839
562.22924
562.99384
562.97087
562.98808
562.100802
562.99162
562.23604
562.97329
562.96573
562.97353
562.99752
562.23539
562.98948
562.97426
562.9965
562.100566
562.98887
562.23123
562.23654
562.9814
562.23442
562.9903
562.97257
562.22994
562.23248
562.100722
562.9891
562.99895
562.98466
562.100631
562.23849
562.98889
562.97115
562.98756
562.22996
562.97937
562.100416
562.98338
562.23312
562.100035
562.98563
562.100225
562.98679
562.96869
562.96634
562.98519
562.100696
562.23118
562.7779
562.58747
562.58746
562.58764
562.58753
562.58758
562.100767
562.99705
562.99166
562.99223
562.99396
562.99791
562.23246
562.100797
562.22999
562.98917
562.100477
562.10077
562.99569
562.9953
562.10067
562.100318
562.2377
562.100282
562.23207
562.100503
562.23671
562.99205
562.100157
562.100224
562.23546
562.100727
562.99385
562.2307
562.100944
562.100042
562.23917
562.9958
562.100205
562.100852
562.99864
562.23911
562.99969
562.22945
562.98915
562.100688
562.23729
562.10014
562.100265
562.100521
562.99563
562.100928
562.98476
562.100441
562.100604
562.100897
562.100774
562.5028
562.23736
562.100436
562.23166
562.98685
562.99594
562.99759
562.9973
562.9939
562.23742
562.99957
562.100303
562.99
562.100732
562.99075
562.10003
562.100117
562.99026
562.99934
562.99118
562.100629
562.23612
562.99951
562.100053
562.23423
562.9904
562.100532
562.98956
562.10009
562.100248
562.100253
562.100949
562.100825
562.98996
562.99049
562.100236
562.23724
562.100542
562.100805
562.23715
562.99476
562.99121
562.100782
562.232
562.98496
562.23325
562.98872
562.9957
562.23571
562.57449
562.57475
562.57498
562.57263
562.57113
562.5729
562.50281
562.57371
562.57201
562.57273
562.98642
562.98811
562.98738
562.57177
562.50294
562.98716
562.98781
562.98719
562.144222
562.98668
562.98694
562.98643
562.57181
562.57425
562.57286
562.57401
562.99821
562.98741
562.99341
562.99395
562.99154
562.99018
562.100207
562.9937
562.99387
562.99313
562.98443
562.9871
562.98938
562.98565
562.99173
562.9914
562.9992
562.100449
562.98271
562.99394
562.98817
562.100791
562.100819
562.100007
562.99333
562.98045
562.100083
562.100114
562.99348
562.9854
562.98289
562.5876
562.9995
562.99796
562.99994
562.100082
562.9998
562.58766
562.100384
562.9936
562.100043
562.99366
562.100925
562.98162
562.99572
562.100662
562.100721
562.100742
562.97997
562.99338
562.100358
562.9948
562.100341
562.99627
562.100245
562.58763
562.98072
562.9967
562.100885
562.98249
562.100439
562.9834
562.98221
562.100494
562.98622
562.98363
562.100534
562.100379
562.100447
562.100765
562.99857
562.100934
562.100799
562.98721
562.100005
562.98126
562.98815
562.98207
562.100338
562.9804
562.98961
562.98189
562.98573
562.99659
562.99634
562.98172
562.100392
562.99568
562.98885
562.100451
562.10028
562.10061
562.98759
562.100332
562.9878
562.98002
562.9817
562.98131
562.98866
562.100764
562.98229
562.100137
562.98071
562.98585
562.99608
562.9916
562.100834
562.97752
562.9913
562.99731
562.100277
562.97772
562.9991
562.99225
562.99181
562.99408
562.98294
562.99685
562.100854
562.99096
562.99799
562.98554
562.99777
562.100806
562.99851
562.98974
562.98345
562.100457
562.97969
562.9987
562.100646
562.100174
562.100402
562.100026
562.98132
562.100104
562.100676
562.98728
562.100458
562.100155
562.100089
562.100445
562.99534
562.100952
562.100304
562.99879
562.99798
